Item SKU,Store,Supplier,Cost per Unit ($),On Hand,Annual Demand
0100,003480,A,125.32,159,1693
0100,01611,B,115.12,40,351
0100,01611,D,53.61,174,1691
0100,020109,B,2.26,176,1559
0100,020109,C,60.51,74,733
0100,020109,D,53.72,48,496
0100,080212,B,106.78,6,58
011,003480,B,1.33,129,1106
011,003480,C,12.94,82,771
011,01611,C,5.16,17,172
011,020109,A,12.33,173,1695
011,020109,C,18.72,3,28
011,020109,D,2.48,34,324
011,080212,B,18.28,175,1618
0113,020109,B,164.79,91,975
0113,031779,A,208.19,166,1496
0113,031779,B,214.97,54,469
0113,031779,C,28.68,73,697
0113,080212,A,186.54,157,1654
0113,080212,B,147.89,104,959
0113,080212,D,198.64,13,133
0122,003480,A,68.50,34,290
0122,003480,B,95.64,92,855
0122,003480,C,125.04,32,269
0122,003480,D,146.64,143,1473
0122,020109,A,120.03,77,680
0122,020109,D,94.13,85,770
0122,031779,A,56.59,133,1239
0122,031779,B,111.66,20,215
0122,031779,C,156.51,167,1796
0122,031779,D,80.17,72,718
013,003480,A,19.13,28,277
013,020109,A,22.69,103,962
013,031779,A,1.13,29,297
013,031779,C,24.73,23,220
013,031779,D,9.99,188,1606
013,080212,B,21.39,141,1403
013,080212,C,24.05,188,1686
0133,003480,A,153.18,143,1379
0133,003480,C,191.53,33,298
0133,020109,A,253.76,46,398
0133,020109,B,226.74,101,969
0133,020109,C,114.09,62,535
0133,020109,D,23.02,48,506
0133,080212,B,121.31,116,1203
0133,080212,C,55.76,141,1449
0137,003480,B,24.26,159,1707
0137,003480,D,209.02,35,359
0137,01611,A,132.96,175,1555
0137,01611,B,98.65,74,702
0137,020109,B,233.38,57,610
0137,080212,A,197.61,13,117
0137,080212,C,267.91,170,1695
014,003480,A,12.15,160,1596
014,003480,B,5.59,65,605
014,01611,C,6.85,68,675
014,020109,A,6.29,97,977
014,020109,B,18.80,143,1209
014,031779,C,21.12,159,1655
014,080212,C,7.44,161,1671
0151,003480,A,9.06,11,107
0151,003480,C,84.06,13,127
0151,003480,D,75.23,42,422
0151,01611,B,274.77,175,1502
0151,01611,C,271.88,180,1515
0151,031779,A,142.39,147,1566
0151,031779,C,230.61,71,724
0151,080212,B,88.50,64,617
0151,080212,C,132.37,14,134
0151,080212,D,237.08,160,1433
0152,003480,A,65.10,105,928
0152,003480,C,291.53,58,510
0152,003480,D,283.93,55,485
0152,01611,A,269.49,199,2052
0152,01611,C,143.76,113,1132
0152,01611,D,156.82,87,781
0152,031779,A,302.13,112,942
0152,031779,B,20.23,173,1835
0164,003480,A,77.07,128,1080
0164,003480,C,57.79,176,1634
0164,003480,D,8.54,103,1039
0164,01611,C,168.22,86,918
0164,031779,A,94.81,141,1458
0164,031779,C,99.74,180,1545
0164,080212,A,212.04,121,1178
0165,003480,A,306.12,35,339
0165,003480,B,56.02,25,215
0165,01611,A,146.34,108,1047
0165,020109,A,273.35,166,1450
0165,020109,B,98.75,152,1346
0165,020109,D,82.69,180,1621
0165,080212,B,62.24,5,48
0166,003480,C,149.15,70,690
0166,003480,D,162.95,80,791
0166,01611,C,303.98,109,1078
0166,020109,A,279.34,193,1724
0166,020109,B,170.55,184,1793
0166,020109,C,267.92,46,493
0166,031779,C,89.99,121,1074
0170,003480,B,31.69,3,30
0170,020109,B,58.87,169,1436
0170,020109,C,110.81,15,142
0170,031779,A,276.44,133,1171
0170,080212,B,333.28,15,158
0170,080212,C,8.59,86,894
0170,080212,D,78.83,172,1649
0171,01611,B,13.71,144,1247
0171,01611,C,186.11,53,448
0171,020109,A,0.56,91,774
0171,020109,B,99.69,106,1013
0171,020109,C,151.45,34,357
0171,080212,A,212.31,80,698
0171,080212,C,1.05,86,893
0175,003480,A,237.30,73,646
0175,01611,B,314.36,176,1799
0175,020109,B,267.82,109,1169
0175,020109,D,295.06,125,1195
0175,031779,A,171.71,133,1261
0175,031779,B,280.00,86,812
0175,031779,C,301.06,62,530
0181,003480,C,215.15,59,541
0181,01611,A,0.01,73,677
0181,01611,B,140.20,41,437
0181,020109,B,135.16,94,951
0181,031779,A,331.41,73,747
0181,031779,B,28.53,151,1568
0181,080212,A,318.46,139,1472
0186,01611,C,134.71,189,1730
0186,020109,A,169.59,101,991
0186,020109,B,31.57,19,171
0186,031779,A,40.42,97,1027
0186,031779,C,138.45,57,568
0186,080212,A,88.67,153,1518
0186,080212,B,165.31,200,1793
0190,003480,B,302.38,83,739
0190,003480,C,280.09,4,35
0190,003480,D,244.46,183,1560
0190,020109,A,302.15,15,159
0190,031779,A,237.13,167,1584
0190,031779,D,142.27,154,1586
0190,080212,C,298.52,179,1905
0203,01611,A,281.34,154,1642
0203,01611,C,97.58,141,1423
0203,01611,D,300.49,155,1534
0203,020109,A,308.87,173,1678
0203,020109,B,137.08,170,1819
0203,020109,C,102.50,46,494
0203,080212,B,163.06,145,1370
0217,003480,A,314.57,66,555
0217,003480,C,217.76,131,1323
0217,01611,C,99.65,74,715
0217,020109,A,419.96,81,771
0217,020109,B,294.90,148,1363
0217,031779,C,213.97,49,447
0217,080212,A,321.02,76,701
0222,01611,C,342.67,136,1241
0222,020109,A,115.27,85,849
0222,020109,B,236.18,107,1000
0222,020109,C,107.25,188,1596
0222,020109,D,310.00,51,441
0222,031779,B,254.97,37,391
0222,080212,B,168.53,33,310
0222,080212,C,429.42,64,671
0223,020109,C,227.56,42,374
0223,031779,A,218.72,111,958
0223,031779,B,288.70,36,305
0223,080212,A,142.85,132,1412
0223,080212,C,327.53,93,966
0223,080212,D,426.56,76,677
0228,020109,C,372.04,190,1891
0228,020109,D,37.53,7,75
0228,080212,A,365.85,188,1587
0228,080212,B,452.14,82,703
0228,080212,C,384.77,30,258
0228,080212,D,455.10,172,1800
0235,003480,B,169.15,139,1460
0235,003480,C,73.87,105,974
0235,01611,A,15.67,109,931
0235,01611,D,213.01,68,724
0235,020109,A,114.99,176,1852
0235,020109,B,430.71,31,261
0235,020109,C,259.16,71,738
0239,003480,B,180.17,60,551
0239,01611,A,89.14,166,1454
0239,01611,C,191.30,67,603
0239,020109,B,9.49,21,208
0239,031779,B,41.55,84,707
0239,080212,A,476.77,30,264
0239,080212,B,63.32,121,1075
0241,003480,C,330.07,172,1590
0241,01611,C,242.38,192,2059
0241,020109,B,13.43,197,1730
0241,020109,C,309.88,93,896
0241,020109,D,158.88,192,1975
0241,031779,A,236.04,103,937
0241,031779,C,0.94,110,1050
0241,031779,D,110.49,99,916
0244,003480,A,471.53,175,1873
0244,003480,B,443.27,137,1479
0244,003480,C,181.69,70,634
0244,01611,A,450.89,129,1270
0244,020109,C,26.44,174,1585
0244,020109,D,121.38,55,505
0244,031779,B,58.87,106,1081
0245,003480,A,239.74,194,1737
0245,003480,B,98.79,192,1805
0245,01611,A,361.08,197,1845
0245,01611,B,485.47,61,613
0245,020109,A,292.48,50,501
0245,020109,B,218.32,21,202
0245,080212,B,259.92,200,1704
0245,080212,C,219.85,173,1491
0252,003480,A,362.16,3,26
0252,003480,D,115.82,136,1193
0252,01611,B,491.65,74,714
0252,01611,C,85.55,136,1228
0252,020109,B,43.25,117,1054
0252,020109,C,393.27,42,442
0252,031779,C,300.46,89,857
0252,080212,B,354.84,180,1657
0257,01611,D,302.84,200,1998
0257,020109,A,104.91,148,1352
0257,020109,B,247.38,151,1519
0257,031779,A,106.99,87,879
0257,031779,C,45.32,135,1251
0257,080212,A,269.39,137,1276
0259,01611,A,388.54,1,10
0259,020109,A,485.51,22,198
0259,020109,B,304.75,100,1062
0259,031779,C,332.58,147,1584
0259,031779,D,420.95,177,1615
0259,080212,B,239.24,191,1658
0259,080212,C,296.00,157,1652
0260,01611,B,152.02,72,666
0260,01611,D,351.14,111,943
0260,020109,B,6.38,183,1767
0260,031779,C,169.60,59,602
0260,080212,A,30.16,12,126
0260,080212,B,419.93,77,649
0260,080212,C,253.26,70,603
0272,003480,B,311.97,111,1175
0272,01611,B,21.90,158,1621
0272,01611,C,370.43,111,1178
0272,020109,A,485.59,79,785
0272,031779,A,116.96,121,1057
0272,031779,C,68.64,74,721
0272,080212,B,58.03,68,641
0273,003480,A,482.21,186,1861
0273,01611,C,276.77,77,757
0273,01611,D,309.17,172,1647
0273,020109,A,194.72,174,1677
0273,020109,B,436.19,21,179
0273,020109,C,542.04,54,565
0273,031779,B,450.47,98,1015
0274,003480,A,107.88,31,328
0274,003480,B,254.39,79,761
0274,01611,A,38.74,5,49
0274,01611,D,104.34,104,890
0274,020109,A,151.21,114,1181
0274,031779,A,327.83,67,702
0274,031779,B,94.75,105,1102
0274,031779,C,25.84,40,363
0274,031779,D,388.10,59,550
0274,080212,C,193.84,189,1708
0276,003480,A,249.30,10,96
0276,020109,A,27.41,100,918
0276,020109,B,551.95,97,1035
0276,020109,D,349.49,64,673
0276,031779,A,67.78,55,551
0276,031779,B,28.38,156,1456
0276,080212,A,158.52,198,1858
0276,080212,B,121.95,128,1185
0276,080212,D,190.17,69,716
0280,003480,A,307.39,147,1512
0280,003480,C,232.54,171,1816
0280,003480,D,161.97,117,1141
0280,01611,B,243.06,156,1607
0280,020109,A,151.39,17,156
0280,031779,C,538.85,48,487
0280,080212,C,527.07,153,1580
0283,003480,A,75.79,7,75
0283,003480,C,120.75,171,1681
0283,003480,D,302.09,67,667
0283,01611,B,524.07,72,640
0283,01611,C,541.76,153,1509
0283,020109,B,387.00,68,639
0289,003480,B,316.19,79,818
0289,003480,C,297.40,136,1207
0289,003480,D,369.80,187,1804
0289,01611,B,131.53,154,1634
0289,020109,A,210.33,135,1232
0289,020109,B,88.84,172,1559
0289,031779,A,546.53,144,1529
0289,031779,B,109.97,127,1227
0289,031779,C,250.20,93,851
0289,080212,A,212.84,64,575
0289,080212,B,311.83,40,406
0289,080212,C,219.75,1,10
0289,080212,D,125.78,146,1240
0292,003480,A,471.62,2,21
0292,003480,B,254.13,138,1485
0292,003480,C,269.92,22,215
0292,01611,A,347.41,116,1157
0292,01611,D,582.72,82,783
0292,020109,B,285.30,54,578
0292,031779,B,287.32,91,859
0293,003480,A,389.23,13,111
0293,003480,B,102.46,60,506
0293,003480,D,77.78,128,1286
0293,01611,C,5.85,116,1164
0293,01611,D,573.94,160,1693
0293,031779,B,366.60,69,735
0293,031779,C,68.32,138,1437
030,003480,D,24.72,56,524
030,01611,B,6.11,7,75
030,01611,C,48.62,91,873
030,01611,D,26.58,116,1014
030,020109,A,31.50,109,1155
030,020109,C,55.42,2,19
030,031779,A,15.99,74,783
030,031779,B,27.75,13,122
030,031779,C,22.46,80,790
030,031779,D,5.00,113,1113
030,080212,A,31.46,50,496
030,080212,B,8.45,82,703
0304,003480,B,254.30,12,124
0304,003480,C,403.01,83,875
0304,01611,C,376.63,160,1679
0304,020109,A,121.00,154,1448
0304,020109,B,540.49,35,298
0304,031779,A,417.44,187,1905
0304,031779,B,355.38,98,997
0304,031779,C,589.03,13,127
0307,01611,B,440.42,129,1281
0307,01611,C,321.21,82,827
0307,020109,B,264.64,141,1300
0307,020109,C,56.71,70,627
0307,031779,C,453.90,7,66
0307,080212,B,440.68,184,1660
0307,080212,C,425.66,159,1389
0314,003480,B,332.13,92,980
0314,003480,D,495.45,194,2036
0314,01611,C,289.87,2,19
0314,020109,A,434.62,98,1047
0314,031779,A,166.23,14,144
0314,031779,B,490.24,62,639
0314,031779,C,317.71,88,851
0314,031779,D,489.95,147,1338
0314,080212,A,440.96,92,918
0314,080212,B,192.36,75,800
0314,080212,C,502.31,87,909
0328,003480,A,503.80,49,513
0328,020109,A,161.91,16,152
0328,020109,B,577.88,26,276
0328,020109,C,305.67,179,1798
0328,020109,D,336.37,162,1482
0328,031779,B,216.07,27,255
0328,031779,C,173.58,105,903
0328,080212,C,159.36,159,1569
0331,003480,A,602.28,34,346
0331,01611,B,396.53,193,2022
0331,020109,A,228.93,19,184
0331,020109,B,264.06,28,283
0331,020109,C,43.00,44,395
0331,031779,C,20.66,30,279
0331,080212,B,482.05,61,582
0332,01611,A,569.49,96,1015
0332,01611,B,68.10,184,1933
0332,01611,C,12.17,169,1553
0332,01611,D,19.96,85,894
0332,031779,A,176.19,117,1044
0332,080212,C,81.70,114,996
0346,003480,C,181.85,161,1391
0346,01611,A,297.76,164,1427
0346,020109,A,42.27,183,1783
0346,031779,A,311.77,200,1798
0346,031779,D,571.98,109,1044
0346,080212,A,364.17,136,1429
0346,080212,C,334.08,110,1115
0352,003480,A,626.77,4,42
0352,01611,A,275.06,189,1718
0352,01611,C,221.72,61,643
0352,031779,B,186.52,47,449
0352,080212,A,119.06,7,65
0352,080212,B,658.89,140,1504
0352,080212,C,407.78,83,727
0362,003480,B,572.15,104,1091
0362,003480,C,482.97,64,619
0362,003480,D,593.99,194,1700
0362,020109,B,705.98,50,526
0362,020109,C,179.69,9,87
0362,080212,B,123.63,104,1029
0363,003480,A,274.81,141,1452
0363,003480,B,620.35,82,807
0363,01611,A,336.22,108,1098
0363,031779,B,647.22,80,850
0363,031779,C,107.71,113,1006
0363,080212,B,314.02,147,1417
0363,080212,D,333.53,91,946
0372,003480,B,145.53,163,1471
0372,01611,A,286.30,50,529
0372,01611,D,4.26,113,1032
0372,031779,A,600.78,119,1280
0372,031779,B,259.57,185,1903
0387,003480,A,62.91,10,107
0387,01611,B,368.00,194,1743
0387,020109,A,562.48,31,318
0387,020109,B,528.33,122,1169
0387,031779,B,84.08,2,19
0387,080212,A,449.97,26,278
0387,080212,B,290.66,21,178
0387,080212,C,357.46,12,119
0387,080212,D,271.23,56,557
0392,020109,A,383.41,110,1171
0392,020109,C,75.35,19,196
0392,031779,A,393.11,196,1974
0392,031779,B,54.92,7,59
0392,031779,C,201.81,73,616
0392,031779,D,783.62,88,770
0392,080212,C,266.97,146,1257
0401,003480,A,450.30,26,221
0401,01611,A,599.95,159,1635
0401,01611,C,118.71,161,1409
0401,020109,B,740.19,69,614
0401,031779,A,291.58,89,937
0401,031779,B,637.06,48,446
0401,080212,B,270.00,190,2043
0402,003480,B,481.76,115,1035
0402,003480,D,735.97,118,1270
0402,01611,C,427.81,187,1901
0402,020109,C,253.48,200,2147
0402,031779,C,134.78,124,1066
0402,080212,C,450.96,190,2045
0403,003480,A,320.73,15,153
0403,003480,B,343.48,47,503
0403,003480,C,382.11,4,43
0403,003480,D,758.82,106,1023
0403,01611,B,706.87,171,1545
0403,031779,A,63.14,75,784
0403,031779,B,364.71,34,336
0403,080212,B,795.70,130,1235
0403,080212,D,324.29,22,193
0404,003480,A,54.99,44,426
0404,01611,A,777.29,80,818
0404,020109,D,679.17,180,1603
0404,080212,B,384.11,106,1100
0404,080212,C,438.37,55,531
0410,003480,C,92.30,86,779
0410,003480,D,519.19,56,596
0410,020109,A,492.44,137,1475
0410,020109,C,330.05,151,1454
0410,031779,C,560.57,182,1534
0410,080212,B,358.19,140,1186
0410,080212,C,103.19,124,1301
0416,003480,A,494.66,162,1537
0416,003480,C,607.56,159,1515
0416,01611,A,48.20,156,1645
0416,020109,A,271.53,72,691
0416,020109,D,752.93,19,184
0416,031779,B,583.35,164,1564
0416,080212,A,464.66,119,1152
0427,003480,B,755.98,115,1213
0427,003480,C,366.23,24,256
0427,003480,D,384.70,63,546
0427,020109,A,755.68,101,909
0427,020109,D,678.76,194,1983
0427,080212,A,194.14,35,374
0427,080212,C,767.80,157,1628
0440,01611,A,530.03,52,476
0440,01611,B,259.30,19,161
0440,01611,C,595.01,142,1475
0440,020109,B,703.66,170,1805
0440,020109,C,871.12,122,1129
0440,031779,A,845.19,137,1418
0440,031779,B,435.14,15,153
0440,031779,D,813.46,13,110
044,003480,A,44.98,130,1257
044,003480,B,32.74,107,966
0440,080212,B,607.87,172,1527
0440,080212,C,451.75,29,263
0440,080212,D,315.12,132,1235
044,01611,A,78.09,153,1377
044,01611,C,85.05,169,1587
044,020109,A,4.08,182,1803
044,031779,A,37.97,132,1278
044,031779,B,6.02,111,1030
044,031779,C,37.15,73,678
044,080212,A,21.18,90,838
044,080212,B,66.09,83,739
0444,003480,A,687.38,166,1742
0444,003480,B,357.69,100,1056
0444,003480,C,113.98,143,1303
0444,01611,A,555.27,15,145
0444,01611,C,34.40,116,1010
0444,01611,D,94.99,155,1620
0444,020109,A,300.97,152,1514
0444,020109,C,355.41,150,1505
0444,020109,D,656.95,186,1862
0444,031779,A,147.04,72,623
0444,031779,C,753.89,173,1709
0444,080212,A,726.45,40,429
0444,080212,B,449.24,188,1856
0444,080212,D,228.78,5,50
0457,003480,C,62.90,115,966
0457,01611,A,369.39,39,368
0457,01611,C,394.94,21,186
0457,01611,D,557.83,7,70
0457,020109,B,319.05,53,561
0457,031779,B,407.55,124,1241
0458,003480,A,229.11,20,207
0458,003480,B,280.04,160,1362
0458,01611,B,767.78,12,108
0458,01611,C,159.03,63,606
0458,020109,C,428.49,170,1777
0458,020109,D,322.93,0,0
0458,080212,C,367.99,123,1201
0460,01611,C,543.57,41,378
0460,020109,C,889.32,189,1987
0460,031779,A,751.52,176,1542
0460,031779,B,532.62,29,259
0460,031779,C,688.18,9,89
0460,031779,D,120.17,97,819
046,003480,B,56.60,57,565
046,003480,D,40.11,163,1692
0460,080212,C,554.72,67,601
046,01611,B,4.08,171,1837
046,01611,C,59.90,154,1631
046,020109,A,33.53,189,1846
046,080212,B,53.54,159,1518
046,080212,D,41.10,48,505
0462,020109,A,365.88,179,1619
0462,031779,A,665.10,76,678
0462,031779,B,386.63,126,1163
0462,031779,C,390.06,81,867
0462,031779,D,625.51,62,585
0462,080212,B,644.57,183,1591
0462,080212,C,862.43,160,1376
0479,003480,A,205.72,51,536
0479,003480,C,640.81,128,1269
0479,003480,D,332.63,115,1073
0479,01611,A,480.90,150,1568
0479,020109,A,766.28,48,416
0479,020109,B,415.62,70,714
0479,080212,B,563.56,150,1614
0479,080212,D,368.48,129,1340
0488,003480,A,267.33,154,1302
0488,003480,D,664.44,200,1887
0488,01611,C,11.64,83,738
0488,01611,D,67.37,26,244
0488,020109,B,853.17,44,429
0488,020109,C,441.43,73,679
0489,003480,C,850.70,156,1369
0489,003480,D,342.84,73,728
0489,020109,B,740.93,196,1862
0489,020109,C,277.45,32,319
0489,031779,A,976.88,187,1724
0489,031779,D,824.13,46,464
0489,080212,B,853.74,104,1114
0490,01611,B,349.23,77,670
0490,01611,C,533.56,125,1107
0490,01611,D,17.39,164,1590
0490,020109,B,80.13,181,1713
0490,020109,C,473.14,27,266
0490,080212,B,720.11,137,1357
0490,080212,C,151.46,100,1026
0501,003480,A,867.66,166,1698
0501,003480,B,478.87,0,0
0501,003480,D,669.54,57,503
0501,01611,A,937.69,133,1151
0501,020109,C,745.68,29,267
0501,031779,C,904.34,119,1215
0501,080212,B,266.85,15,153
0503,003480,A,19.27,104,1056
0503,01611,B,46.98,113,1020
0503,020109,A,323.49,58,553
0503,020109,C,913.46,78,681
0503,031779,A,807.02,168,1771
0503,031779,B,791.56,45,477
0503,031779,D,670.06,78,816
0506,003480,A,655.07,22,227
0506,003480,B,332.00,84,871
0506,003480,D,48.86,140,1415
0506,01611,A,291.11,62,614
0506,031779,A,851.09,151,1522
0506,031779,B,250.67,148,1587
0506,080212,B,331.30,32,308
0509,003480,A,914.23,169,1425
0509,003480,C,542.92,187,1730
0509,003480,D,782.87,124,1189
0509,031779,C,753.94,12,108
0509,080212,A,487.34,41,351
0509,080212,B,551.62,130,1309
0509,080212,C,123.11,104,879
0512,003480,A,414.98,140,1210
0512,003480,B,456.76,62,642
0512,003480,C,717.61,71,635
0512,003480,D,905.94,12,129
0512,01611,A,828.67,84,731
0512,01611,C,534.99,131,1124
0514,003480,A,114.78,197,1967
0514,003480,C,806.12,160,1449
0514,01611,A,720.85,148,1400
0514,020109,B,539.51,43,459
0514,031779,A,1007.45,102,989
0514,080212,A,157.42,83,750
0514,080212,C,179.35,34,364
0523,003480,B,488.28,178,1620
0523,003480,C,120.88,134,1382
0523,020109,A,481.40,117,1240
0523,031779,B,36.62,66,636
0523,080212,A,141.68,59,555
0523,080212,D,904.15,109,1126
0530,01611,B,131.02,110,1129
0530,01611,C,601.25,143,1501
0530,020109,B,530.27,21,215
0530,020109,C,1053.79,39,373
0530,020109,D,751.25,27,263
0530,031779,A,96.89,10,89
053,003480,B,97.83,10,100
053,003480,D,72.52,161,1491
0530,080212,B,350.77,82,717
053,01611,B,97.70,159,1567
053,01611,C,97.39,176,1582
053,020109,A,26.31,94,872
053,020109,B,48.07,170,1572
053,031779,B,7.77,32,336
053,080212,B,22.14,40,406
0534,003480,B,95.08,199,1844
0534,003480,D,1043.42,1,9
0534,01611,B,750.60,12,120
0534,080212,A,866.88,10,98
0536,003480,B,380.35,177,1540
0536,003480,C,383.49,8,67
0536,01611,A,68.21,64,680
0536,01611,B,954.33,60,581
0536,020109,B,597.38,197,1976
0536,020109,C,820.72,146,1409
0536,080212,C,855.30,166,1565
0539,003480,A,551.15,163,1566
0539,003480,C,489.01,7,61
0539,01611,A,212.24,66,567
0539,020109,B,794.83,140,1381
0539,020109,D,507.99,125,1319
0539,031779,A,904.11,113,1197
0539,080212,A,762.58,38,380
0542,003480,C,367.87,81,800
0542,020109,B,1077.37,4,42
0542,031779,A,201.60,138,1250
0542,031779,B,722.51,74,659
0542,031779,C,296.47,39,397
0542,031779,D,932.50,59,523
0542,080212,B,623.91,152,1589
055,003480,B,103.46,152,1551
055,01611,A,24.92,86,880
055,01611,B,87.36,171,1455
055,01611,D,38.98,146,1411
055,020109,A,68.35,92,941
055,020109,C,96.91,168,1638
055,080212,B,43.94,20,198
055,080212,C,87.59,126,1080
0560,003480,C,920.87,94,916
0560,01611,A,442.64,110,1109
0560,01611,D,490.14,5,53
0560,020109,C,1077.79,106,1087
0560,031779,A,1083.18,140,1333
0560,031779,C,929.38,41,373
0560,080212,C,467.64,172,1663
0563,003480,A,810.85,125,1210
0563,003480,B,806.47,81,809
0563,003480,C,439.89,73,783
0563,01611,B,1048.77,174,1519
0563,01611,C,356.15,116,1141
0563,020109,C,294.75,40,367
0563,031779,B,938.77,43,396
0571,01611,C,136.43,20,172
0571,01611,D,55.10,79,721
0571,020109,B,47.60,175,1847
0571,020109,C,1080.79,127,1273
0571,031779,A,945.95,53,463
0571,031779,B,1067.87,114,1008
0571,080212,C,165.13,141,1478
0578,003480,B,747.23,14,141
0578,003480,C,829.99,25,215
0578,01611,A,216.82,80,789
0578,020109,A,911.44,108,1153
0578,020109,D,1091.78,8,70
0578,031779,A,766.57,134,1352
0578,031779,C,884.48,131,1185
0578,031779,D,154.57,183,1930
0584,003480,B,372.79,85,781
0584,01611,B,928.71,71,656
0584,01611,C,187.47,125,1273
0584,020109,A,647.04,176,1492
0584,031779,A,1127.24,105,1009
0584,031779,B,292.00,173,1532
0584,080212,B,310.30,168,1515
0586,003480,B,1126.86,108,1061
0586,003480,C,743.16,77,771
0586,01611,B,646.90,191,2044
0586,01611,D,867.40,9,82
0586,020109,C,1098.86,4,34
0586,020109,D,162.45,189,1747
0586,031779,A,149.84,26,269
0586,031779,D,52.50,91,794
0586,080212,A,149.59,187,1987
0586,080212,B,350.68,33,280
0586,080212,C,1158.32,151,1448
0587,003480,A,46.39,165,1717
0587,003480,B,423.77,87,851
0587,003480,C,384.98,23,209
0587,01611,B,592.67,119,1038
0587,01611,C,537.23,24,214
0587,01611,D,779.41,155,1596
0587,020109,A,729.32,96,858
0587,020109,C,1141.01,45,417
0587,020109,D,747.54,149,1336
0587,031779,A,715.40,17,168
0587,031779,B,796.03,82,775
0587,031779,C,858.76,76,776
0587,031779,D,733.12,67,597
059,003480,C,32.64,57,536
059,01611,C,92.19,34,346
059,01611,D,18.37,105,950
059,020109,A,24.29,121,1054
059,020109,C,62.94,9,84
059,020109,D,87.96,34,350
059,031779,A,3.05,11,100
059,031779,D,103.60,178,1810
0593,003480,B,657.65,183,1904
0593,020109,A,803.33,173,1586
0593,020109,D,239.41,198,2027
0593,031779,B,1081.70,142,1443
0593,031779,C,541.16,8,71
0593,080212,A,159.28,172,1451
0595,003480,B,453.25,81,807
0595,003480,D,1180.73,34,362
0595,01611,A,1043.41,153,1650
0595,01611,B,417.03,153,1446
0595,01611,C,583.02,197,1660
0595,01611,D,605.43,90,816
0595,031779,B,746.69,163,1428
06,003480,A,11.08,167,1722
06,01611,A,3.91,109,999
06,01611,B,4.16,78,757
06,01611,D,3.90,20,207
06,020109,A,8.08,19,203
06,080212,A,3.29,62,596
06,080212,C,7.78,194,1808
0614,003480,B,149.28,196,2009
0614,01611,C,677.11,150,1350
0614,020109,A,299.00,117,1234
0614,020109,D,1183.56,9,84
0614,031779,A,293.90,136,1272
0614,031779,C,9.19,42,412
0614,031779,D,213.11,152,1604
0615,01611,A,575.31,115,1080
0615,01611,B,963.04,173,1530
0615,01611,C,828.72,113,1042
0615,020109,A,559.63,155,1634
0615,020109,C,976.66,113,1151
0615,020109,D,158.32,39,344
0615,080212,A,702.94,1,10
0618,003480,A,936.21,48,486
0618,003480,D,1146.49,96,921
0618,020109,A,39.13,9,77
0618,020109,B,197.45,62,641
0618,031779,A,733.69,101,1051
0618,031779,B,766.06,128,1203
0618,080212,C,991.95,151,1285
0618,080212,D,282.66,144,1423
062,003480,A,98.62,53,521
062,003480,B,50.97,39,356
062,003480,C,3.66,64,667
062,01611,A,106.24,152,1282
062,01611,C,102.97,131,1191
062,031779,A,38.95,175,1566
062,080212,B,4.53,170,1598
0623,01611,C,187.15,185,1990
0623,01611,D,1107.18,194,1847
0623,020109,B,339.86,153,1395
0623,031779,A,945.41,126,1266
0623,031779,D,465.67,85,768
0623,080212,C,394.94,45,407
0625,003480,C,1147.50,186,1676
0625,01611,A,1035.94,183,1600
0625,01611,B,815.46,120,1281
0625,020109,A,1152.02,40,352
0625,020109,B,755.05,35,338
0625,031779,A,229.03,104,919
0625,080212,C,426.04,65,668
0632,003480,B,53.44,93,854
0632,003480,C,213.99,197,2110
0632,01611,A,673.65,73,684
0632,01611,C,822.96,173,1564
0632,020109,C,1031.46,167,1467
0632,031779,C,588.41,180,1876
0632,080212,A,522.09,23,239
0633,003480,C,476.15,104,937
0633,01611,C,691.12,6,62
0633,01611,D,671.36,58,589
0633,020109,A,236.23,172,1563
0633,020109,D,15.84,166,1397
0633,031779,A,671.36,132,1141
0633,080212,B,346.38,160,1365
0635,003480,A,940.65,36,352
0635,01611,A,954.38,79,852
0635,01611,B,896.04,25,260
0635,01611,C,287.15,187,1953
0635,01611,D,54.42,164,1627
0635,020109,B,934.41,81,865
0635,031779,B,1046.55,62,540
0637,01611,A,957.35,195,2015
0637,01611,B,99.53,24,215
0637,01611,D,938.18,95,871
0637,020109,C,836.44,142,1254
0637,031779,A,330.82,21,179
0637,080212,B,571.41,69,585
0642,003480,A,21.18,151,1496
0642,01611,A,1192.32,118,1149
0642,01611,B,1056.28,40,394
0642,020109,A,921.80,183,1905
0642,020109,C,910.32,16,144
0642,031779,A,160.72,131,1300
0642,080212,C,153.32,147,1316
0644,003480,B,934.98,85,880
0644,003480,C,1280.80,79,669
0644,01611,B,771.19,75,702
0644,020109,A,5.31,173,1804
0644,020109,C,252.94,108,918
0644,080212,A,1116.05,115,1096
0644,080212,C,939.61,4,36
0649,003480,B,654.79,5,52
0649,01611,D,739.17,53,523
0649,020109,B,747.20,119,1189
0649,020109,C,46.66,130,1360
0649,031779,C,557.19,43,434
0649,031779,D,113.03,9,89
0651,003480,C,1125.07,68,591
0651,01611,C,639.65,114,1125
0651,01611,D,524.86,24,227
0651,080212,A,542.79,156,1605
0651,080212,C,818.83,25,264
0655,003480,A,682.38,180,1709
0655,01611,A,661.50,25,258
0655,01611,B,838.11,78,661
0655,020109,B,357.35,20,195
0655,020109,C,25.17,27,238
0655,031779,A,727.41,123,1278
0655,080212,B,1216.12,50,476
0659,003480,A,948.52,168,1575
0659,003480,C,377.65,61,597
0659,020109,C,152.79,199,2139
0659,031779,A,287.73,196,2074
0659,031779,B,858.15,14,139
0659,031779,C,559.84,141,1509
0659,080212,B,908.22,81,854
0660,003480,B,231.25,113,1010
0660,01611,B,1191.49,160,1554
0660,020109,A,157.71,90,871
0660,031779,B,774.72,87,843
0660,031779,C,975.64,41,354
066,003480,A,22.77,194,2086
066,003480,B,129.90,189,1691
066,003480,C,19.27,135,1221
0660,080212,A,780.16,146,1501
0660,080212,B,1255.04,163,1413
066,01611,A,68.05,9,79
066,01611,D,118.31,178,1822
066,020109,B,96.62,102,992
066,031779,B,97.91,176,1691
066,080212,C,117.32,64,549
0669,003480,A,1021.45,116,1067
0669,003480,B,892.50,86,794
0669,003480,C,391.71,137,1472
0669,003480,D,958.74,33,297
0669,01611,B,487.67,189,1724
0669,031779,A,763.13,32,338
0669,031779,B,861.60,98,920
0671,003480,B,398.43,14,119
0671,01611,B,416.70,130,1170
0671,020109,C,1122.59,132,1416
0671,020109,D,1008.67,6,60
0671,031779,B,78.08,128,1270
0675,01611,B,1334.88,100,1002
0675,01611,D,897.04,78,789
0675,020109,C,188.60,110,1146
0675,031779,B,325.10,6,52
0675,080212,C,365.24,194,1860
0679,003480,B,464.98,27,263
0679,003480,C,710.21,9,76
0679,01611,B,1190.35,164,1413
0679,020109,A,636.03,79,819
0679,020109,C,1272.71,89,929
0679,031779,A,942.48,26,220
0679,031779,C,481.18,53,536
0685,003480,A,906.48,200,1973
0685,003480,C,1355.25,74,783
0685,003480,D,834.87,127,1137
0685,01611,B,1139.84,173,1858
0685,01611,C,1077.43,176,1832
0685,020109,B,894.10,71,712
0685,020109,C,123.67,185,1772
0685,080212,A,41.42,67,575
0685,080212,B,11.13,25,234
0685,080212,C,655.66,195,1702
0685,080212,D,710.17,149,1454
0688,003480,B,924.87,40,366
0688,01611,A,23.04,125,1050
0688,01611,C,52.91,42,452
0688,020109,A,856.48,164,1400
0688,020109,B,793.50,65,606
0688,031779,C,236.00,189,1859
0688,031779,D,243.63,59,587
0688,080212,A,1122.29,84,837
0688,080212,C,1227.55,182,1893
0688,080212,D,140.18,92,814
0690,003480,C,784.95,72,760
0690,01611,A,1303.78,195,1706
0690,01611,B,596.52,188,1975
0690,01611,D,315.02,38,380
0690,020109,A,1218.53,182,1899
0690,020109,B,1123.22,73,724
0690,020109,C,29.62,31,275
0690,020109,D,622.58,173,1549
0690,031779,A,969.65,109,1009
0690,031779,B,680.59,163,1601
0690,031779,C,818.48,126,1298
0690,031779,D,1010.19,199,1996
069,003480,C,119.52,80,744
0690,080212,A,355.71,169,1709
0690,080212,B,945.27,95,887
0690,080212,D,1222.57,169,1790
069,01611,B,121.14,178,1805
069,01611,C,17.08,5,45
069,01611,D,66.74,135,1189
069,031779,A,5.47,44,463
069,080212,B,104.93,31,312
069,080212,C,98.57,3,30
0691,003480,A,201.19,114,1025
0691,003480,D,314.40,63,679
0691,01611,B,1155.07,26,252
0691,01611,C,1191.35,106,969
0691,031779,B,799.06,55,590
0691,031779,C,724.32,55,507
0691,031779,D,381.82,195,1802
0693,003480,A,1034.05,103,956
0693,003480,B,1343.23,26,264
0693,01611,A,787.52,11,93
0693,01611,B,979.49,187,1798
0693,01611,C,207.96,5,42
0693,020109,A,721.29,32,319
0693,020109,B,670.14,184,1906
0693,020109,C,52.06,96,957
0693,020109,D,619.22,84,876
0693,031779,B,850.84,87,931
0693,031779,C,870.67,17,159
0693,080212,B,942.10,51,530
0693,080212,C,373.41,51,462
0693,080212,D,924.80,50,445
0694,003480,B,1034.04,3,31
0694,003480,C,1153.28,41,363
0694,01611,C,1187.31,72,637
0694,031779,A,753.05,200,1834
0694,031779,B,358.65,30,302
0694,080212,B,192.79,72,679
0694,080212,D,258.37,93,924
0701,003480,B,1300.82,105,948
0701,01611,A,1139.06,89,819
0701,01611,C,725.94,133,1261
0701,020109,B,1390.13,124,1088
0701,031779,C,1178.38,169,1701
0701,080212,A,736.11,182,1687
0701,080212,D,215.59,71,649
07,020109,A,11.42,135,1316
07,020109,B,0.21,22,232
07,020109,C,5.89,124,1179
07,020109,D,3.17,2,18
07,031779,B,12.98,169,1570
0704,003480,B,1336.00,181,1786
0704,01611,A,132.84,34,291
0704,01611,C,601.45,174,1768
0704,020109,A,729.78,188,1599
0704,020109,B,752.48,13,129
0704,031779,B,33.89,156,1321
0704,080212,C,216.94,28,238
0707,003480,D,309.85,31,318
0707,01611,B,1300.60,25,234
0707,01611,C,140.89,118,1166
0707,020109,A,121.99,12,112
0707,020109,C,1153.75,142,1477
0707,020109,D,1270.30,57,502
0707,031779,B,200.29,13,131
0707,031779,C,1283.86,196,1960
0707,031779,D,587.41,91,886
0707,080212,A,370.34,177,1743
0707,080212,B,318.75,87,864
0707,080212,D,738.69,197,2004
0710,003480,B,445.85,73,650
0710,003480,C,190.57,83,769
0710,01611,A,1058.53,104,1113
0710,01611,C,1037.95,1,9
0710,01611,D,709.61,58,571
0710,020109,A,1008.65,81,708
0710,020109,D,1142.94,110,1147
0710,031779,B,757.88,160,1589
0710,031779,C,134.65,173,1620
071,01611,B,59.84,95,920
071,01611,C,9.15,132,1258
071,020109,A,92.79,89,769
071,020109,B,67.98,118,1045
071,020109,D,136.12,156,1638
071,031779,A,122.52,155,1555
071,080212,B,127.72,81,689
0711,003480,A,492.14,78,727
0711,01611,B,772.43,179,1616
0711,01611,C,26.66,177,1856
0711,020109,A,1067.34,160,1540
0711,020109,B,1181.62,68,577
0711,020109,C,1386.39,21,222
0711,020109,D,1184.29,132,1232
0711,031779,C,50.66,158,1695
0717,003480,A,471.93,161,1511
0717,01611,B,1063.79,102,994
0717,01611,C,1211.47,143,1354
0717,01611,D,850.26,53,528
0717,020109,B,393.56,182,1778
0717,031779,C,183.35,106,1049
0717,080212,C,404.60,163,1391
0722,003480,B,251.93,36,366
0722,003480,D,103.19,166,1741
0722,01611,C,30.16,57,522
0722,020109,B,494.53,153,1301
0722,020109,C,1057.00,182,1640
0722,031779,A,624.45,158,1626
0722,080212,B,270.90,143,1478
0723,01611,B,67.48,122,1029
0723,01611,C,115.56,69,643
0723,01611,D,96.29,59,587
0723,020109,C,718.30,118,1150
0723,031779,A,151.70,48,428
0723,031779,B,729.34,193,1848
0723,031779,C,7.31,172,1649
0726,003480,A,1159.60,125,1187
0726,003480,B,927.38,82,777
0726,003480,C,544.83,131,1228
0726,003480,D,1002.25,154,1622
0726,01611,A,542.01,112,1142
0726,01611,B,62.32,139,1480
0726,01611,C,490.16,165,1721
0726,01611,D,141.24,132,1376
0726,020109,B,373.36,25,228
0726,020109,D,1040.05,33,314
0726,031779,A,1205.81,31,262
0726,031779,C,579.08,4,40
0726,080212,C,343.27,1,9
0732,003480,C,301.25,188,1984
0732,01611,C,278.71,98,962
0732,01611,D,789.78,149,1513
0732,020109,B,290.44,82,763
0732,031779,B,621.95,39,381
0732,031779,C,1232.60,1,11
0732,080212,A,1304.68,34,322
0732,080212,B,883.28,181,1920
0732,080212,C,318.37,44,451
0743,003480,B,557.67,133,1273
0743,003480,C,1097.39,157,1504
0743,01611,A,955.16,158,1403
0743,01611,D,1431.59,16,165
0743,031779,A,834.68,82,789
0743,031779,C,943.12,141,1303
0743,080212,B,132.45,138,1259
0743,080212,D,466.09,31,285
0745,003480,B,116.99,59,541
0745,003480,C,702.67,18,154
0745,003480,D,1400.41,30,306
0745,01611,C,986.27,49,517
0745,01611,D,362.52,131,1188
0745,020109,B,988.78,76,709
0745,020109,C,1047.33,102,870
0745,031779,B,942.41,59,586
0745,080212,C,1221.62,92,807
0748,003480,A,1075.54,170,1511
0748,003480,B,1165.43,115,1049
0748,003480,D,754.98,61,626
0748,01611,C,787.30,137,1300
0748,020109,A,1005.28,86,881
0748,020109,D,625.66,37,393
0748,031779,A,1234.08,46,441
0748,080212,B,56.00,87,801
0757,003480,A,383.22,27,263
0757,01611,B,308.68,105,1120
0757,01611,C,291.84,29,295
0757,020109,A,242.16,0,0
0757,031779,C,891.84,67,567
0757,080212,A,1393.08,84,882
0757,080212,C,985.20,169,1443
0761,003480,A,372.03,141,1188
0761,003480,B,1288.27,55,591
0761,01611,B,435.35,191,1732
0761,01611,D,717.32,89,947
0761,020109,A,1225.40,6,60
0761,020109,C,296.86,6,57
0761,020109,D,1134.84,143,1433
0761,031779,A,854.30,180,1790
0761,031779,B,914.06,22,190
0761,031779,D,1107.75,181,1845
0761,080212,C,1234.44,47,490
0761,080212,D,889.15,93,929
0767,003480,C,1404.68,58,588
0767,01611,A,290.82,125,1071
0767,01611,C,749.95,174,1746
0767,020109,C,1399.43,182,1831
0767,020109,D,949.44,65,689
0767,080212,C,625.10,117,1161
0767,080212,D,842.63,26,272
0773,003480,A,659.99,178,1541
0773,020109,A,39.17,43,372
0773,031779,C,1384.78,200,1961
0773,080212,A,17.29,175,1486
0773,080212,D,845.85,179,1847
0780,003480,C,1203.89,42,370
0780,01611,A,1482.46,101,1033
0780,020109,B,788.08,70,688
0780,020109,C,589.89,198,1863
0780,020109,D,745.78,173,1715
0780,031779,A,615.54,139,1406
0780,031779,C,1092.01,93,940
0787,003480,A,40.35,144,1445
0787,01611,A,889.12,160,1533
0787,01611,C,1561.07,135,1275
0787,01611,D,210.95,49,501
0787,031779,A,850.16,127,1351
0787,031779,C,1352.78,30,323
0787,080212,C,26.48,118,992
0794,003480,B,247.28,166,1546
0794,020109,A,772.41,2,18
0794,020109,B,342.91,86,775
0794,020109,C,353.78,36,333
0794,020109,D,1396.48,185,1625
0794,031779,C,1410.13,118,1274
0794,080212,B,1143.29,171,1484
0799,003480,A,1442.31,118,1156
0799,020109,A,205.68,100,861
0799,020109,C,134.82,24,232
0799,020109,D,1461.98,44,400
0799,031779,A,1572.46,142,1448
0799,031779,C,860.69,21,189
0799,080212,B,143.73,191,1958
0801,01611,B,1049.68,121,1188
0801,01611,C,1474.19,32,275
0801,01611,D,1064.49,169,1535
0801,020109,A,945.83,132,1121
0801,020109,B,1287.79,128,1338
0801,031779,C,1132.17,25,234
0801,080212,A,907.57,124,1325
0801,080212,B,116.59,62,542
0801,080212,C,972.60,142,1196
0802,003480,B,1478.65,140,1308
0802,003480,D,412.91,174,1684
0802,01611,A,265.08,20,179
0802,01611,B,386.67,47,495
0802,01611,C,358.79,83,884
0802,020109,C,1027.78,145,1269
0802,031779,B,1019.79,139,1181
0811,003480,B,129.68,26,257
0811,003480,C,85.30,157,1496
0811,003480,D,196.60,123,1309
0811,01611,A,1510.16,23,229
0811,020109,C,726.94,189,1614
0811,031779,B,174.72,151,1551
0811,031779,C,1430.26,78,775
0811,080212,A,143.02,200,1956
0811,080212,B,353.19,70,640
0811,080212,C,54.47,23,235
0811,080212,D,1423.66,29,304
0820,003480,A,1007.41,118,1206
0820,003480,D,728.50,53,496
0820,01611,A,1541.25,110,1112
0820,01611,B,1142.72,186,1620
0820,031779,A,916.51,171,1453
0820,031779,B,381.67,73,656
0820,080212,B,212.76,29,275
0826,003480,A,162.06,174,1629
0826,01611,A,1315.62,51,526
0826,01611,B,1354.57,7,63
0826,01611,C,573.46,31,273
0826,020109,B,428.17,103,1104
0826,031779,B,609.93,102,1080
0826,031779,C,508.07,19,168
0826,080212,A,1079.76,102,1023
0826,080212,D,1207.16,112,1028
0831,003480,A,485.68,7,75
0831,003480,C,1019.86,44,372
0831,01611,A,1011.26,34,326
0831,020109,A,785.32,155,1320
0831,031779,A,985.13,192,1637
0831,031779,B,192.49,148,1527
0831,080212,B,1402.27,132,1388
0837,003480,B,366.96,152,1289
0837,01611,A,1552.47,4,39
0837,01611,D,2.47,181,1574
0837,020109,C,815.74,84,795
0837,080212,C,965.69,36,304
0842,003480,A,1232.24,69,624
0842,003480,C,289.76,83,794
0842,031779,A,726.27,156,1345
0842,031779,B,591.65,142,1372
0842,031779,D,700.01,183,1897
0842,080212,A,1347.46,36,370
0842,080212,B,1370.76,84,827
0842,080212,C,25.72,57,564
0842,080212,D,495.78,30,284
0866,003480,B,579.78,118,1115
0866,003480,C,1091.77,176,1687
0866,01611,B,90.63,21,211
0866,020109,A,1290.45,59,571
0866,080212,D,1665.67,127,1300
0883,003480,B,1397.25,126,1230
0883,01611,B,386.01,65,561
0883,020109,C,1689.29,10,101
0883,031779,A,860.87,0,0
0883,031779,B,1260.51,4,34
0883,080212,A,1323.78,107,1099
0883,080212,C,168.19,184,1703
0884,01611,C,932.16,29,254
0884,01611,D,1042.55,131,1131
0884,020109,A,1339.79,56,523
0884,020109,B,735.51,9,82
0884,031779,A,821.34,141,1242
0884,080212,A,801.81,25,217
0884,080212,B,1613.70,10,99
0890,01611,B,617.75,112,1121
0890,01611,C,130.08,186,1935
0890,01611,D,77.69,59,552
0890,080212,A,499.92,140,1251
0890,080212,C,1640.24,141,1507
0890,080212,D,386.06,145,1353
0893,01611,A,1176.57,54,536
0893,01611,B,927.83,135,1434
0893,01611,C,1648.60,164,1449
0893,020109,B,719.72,64,686
0893,020109,D,205.85,119,1129
0893,031779,C,701.84,126,1090
0893,080212,C,310.78,31,306
0894,003480,A,489.67,38,360
0894,003480,C,774.60,198,1935
0894,020109,B,1394.30,7,75
0894,020109,C,1722.25,41,352
0894,020109,D,291.25,36,370
0894,031779,A,852.13,47,504
0894,031779,B,1117.49,53,551
0898,003480,A,1304.22,130,1324
0898,003480,B,657.12,36,344
0898,003480,C,515.20,44,459
0898,020109,A,1453.09,86,902
0898,020109,D,494.92,25,232
0898,080212,A,1238.58,161,1602
0898,080212,B,730.24,177,1760
0899,01611,A,624.64,193,1816
0899,01611,B,1012.11,90,893
0899,020109,A,1039.24,85,889
0899,031779,A,145.94,182,1541
0899,031779,B,363.83,168,1633
0899,080212,B,456.74,23,237
0899,080212,C,1080.51,166,1626
0906,01611,A,1114.17,122,1031
0906,01611,D,116.18,188,1941
0906,020109,B,899.73,198,1755
0906,020109,D,1082.41,120,1160
0906,031779,C,1359.68,131,1153
0906,031779,D,1303.83,137,1164
0906,080212,C,1770.26,171,1527
091,003480,A,35.04,158,1531
091,003480,C,177.54,152,1518
091,003480,D,32.71,81,749
091,01611,A,155.64,194,1902
091,01611,B,59.87,32,307
091,031779,A,112.48,21,226
091,031779,B,96.83,150,1313
091,080212,C,6.79,38,322
0919,003480,A,237.55,41,369
0919,003480,B,1058.50,58,622
0919,01611,B,1314.45,5,49
0919,01611,C,325.44,8,71
0919,020109,C,779.20,187,1983
0919,080212,B,1745.61,198,1715
0919,080212,D,1312.02,36,360
0923,01611,A,299.72,159,1415
0923,01611,D,1496.75,51,526
0923,080212,A,75.89,100,1001
0923,080212,B,1153.40,56,603
0930,01611,A,1351.50,69,717
0930,020109,C,272.54,128,1162
0930,031779,A,569.56,149,1278
0930,080212,A,1265.53,8,72
0930,080212,B,721.54,124,1140
0930,080212,C,1445.15,37,361
0930,080212,D,1697.94,187,1833
0938,003480,A,865.17,193,1738
0938,01611,A,1276.04,169,1738
0938,01611,B,470.54,114,968
0938,020109,A,1463.56,9,82
0938,031779,A,1686.84,15,157
0938,031779,C,669.09,102,898
0938,080212,C,1870.80,54,491
0939,003480,C,1749.07,179,1867
0939,01611,A,1507.60,79,759
0939,020109,A,710.64,173,1551
0939,031779,C,191.75,142,1339
0939,031779,D,1473.17,34,303
0940,003480,A,1833.17,185,1876
0940,003480,B,268.35,160,1575
0940,01611,A,1260.71,129,1138
0940,020109,B,1011.65,39,345
0940,020109,C,485.94,28,260
0940,031779,B,226.30,50,468
094,003480,B,129.22,83,785
0940,080212,B,1387.23,168,1568
094,01611,A,62.65,75,755
094,01611,B,1.37,69,588
094,020109,A,59.81,166,1690
094,020109,B,88.07,110,958
094,020109,C,178.50,197,1841
094,020109,D,136.38,90,760
094,031779,A,181.73,167,1712
094,080212,B,23.85,195,1835
094,080212,C,43.63,11,109
0949,003480,C,1467.84,176,1579
0949,003480,D,31.09,144,1304
0949,01611,B,1489.69,110,947
0949,031779,C,1690.24,182,1618
0949,080212,A,1432.08,192,1951
0949,080212,B,843.24,73,660
0949,080212,C,1467.17,171,1715
097,003480,C,25.11,142,1280
097,01611,B,150.74,40,396
097,01611,C,7.31,6,58
097,020109,C,158.66,36,325
097,020109,D,190.02,155,1326
097,031779,C,126.66,30,288
097,080212,B,115.56,41,440
097,080212,C,45.69,178,1732
0972,003480,C,179.16,169,1710
0972,01611,C,47.27,98,891
0972,031779,A,712.35,46,483
0972,031779,D,439.87,182,1829
0972,080212,B,222.70,150,1289
0972,080212,C,471.45,153,1289
0972,080212,D,1487.09,147,1475
0976,003480,A,1074.96,117,1262
0976,01611,A,197.04,157,1473
0976,01611,D,105.07,76,668
0976,020109,B,173.43,199,2069
0976,031779,A,1003.39,131,1191
0976,031779,B,103.61,99,1057
0976,031779,C,146.91,28,256
0980,003480,A,1458.22,10,86
0980,003480,C,1582.38,162,1373
0980,01611,B,176.31,43,421
0980,020109,C,86.55,19,204
0980,031779,A,1896.09,61,599
098,003480,A,193.94,3,29
0980,080212,A,1290.26,34,315
0980,080212,B,227.57,52,467
098,01611,A,39.18,192,2073
098,01611,C,93.65,3,28
098,020109,C,170.36,99,844
098,031779,C,27.00,6,55
098,080212,A,168.15,125,1273
098,080212,D,165.98,123,1235
0984,003480,A,1854.57,82,827
0984,01611,A,126.05,24,230
0984,01611,C,1144.37,96,945
0984,020109,B,555.12,187,1936
0984,031779,A,1585.88,37,324
0984,031779,D,646.69,123,1145
0984,080212,A,490.64,159,1687
0987,003480,A,873.53,103,909
0987,003480,D,315.34,59,545
0987,01611,B,494.14,125,1167
0987,01611,C,1962.14,61,570
0987,020109,C,1489.37,200,2015
0987,031779,A,1597.44,136,1207
0987,031779,B,1453.12,104,1106
0988,003480,A,332.33,90,800
0988,003480,C,508.31,102,877
0988,020109,B,856.22,199,1974
0988,020109,C,1322.44,173,1787
0988,031779,D,1819.06,162,1412
0993,003480,A,746.75,8,80
0993,003480,B,1577.44,21,212
0993,020109,C,1840.57,38,339
0993,031779,D,280.87,86,878
0993,080212,C,1673.73,163,1705
1002,003480,A,1.50,64,609
1002,003480,B,1.78,56,526
1002,003480,C,2.64,43,406
1002,003480,D,2.28,46,420
1002,01611,A,3.72,6,64
1002,020109,A,2.59,188,1774
1002,020109,C,2.68,150,1498
1002,080212,A,1.36,83,749
1009,003480,A,9.28,162,1491
1009,01611,C,14.66,129,1307
1009,020109,A,3.91,86,769
1009,020109,B,7.92,121,1162
1009,020109,C,2.68,191,1714
1009,020109,D,15.56,150,1504
1009,031779,A,16.96,110,931
1009,031779,C,10.96,156,1635
1009,080212,B,9.64,19,174
1009,080212,D,14.83,65,617
1015,003480,B,25.77,133,1273
1015,003480,C,3.15,183,1852
1015,01611,B,29.66,121,1221
1015,020109,B,5.05,46,468
1015,031779,A,19.61,71,638
1015,080212,B,0.02,54,520
1015,080212,C,28.21,125,1286
1023,003480,A,42.55,118,1011
1023,020109,B,42.06,165,1689
1023,020109,D,11.69,127,1348
1023,031779,C,37.11,143,1447
1023,080212,B,37.71,29,246
1029,003480,A,45.97,40,373
1029,01611,C,8.73,188,2000
1029,020109,A,29.24,74,623
1029,020109,B,56.23,13,118
1029,020109,C,57.77,185,1914
1029,031779,B,3.39,6,56
1029,080212,C,23.21,183,1876
1031,020109,A,23.17,84,850
1031,020109,B,34.58,103,883
1031,031779,A,0.09,17,169
1031,031779,D,4.86,156,1555
1031,080212,A,22.25,38,331
1031,080212,C,24.40,50,442
1042,01611,B,76.02,79,776
1042,01611,C,38.86,25,257
1042,020109,A,31.62,1,11
1042,020109,C,28.07,200,1722
1042,020109,D,74.72,3,30
1042,080212,B,9.29,37,338
1042,080212,D,68.63,70,604
1047,003480,C,15.32,196,2077
1047,01611,C,58.31,148,1581
1047,020109,A,57.27,173,1541
1047,020109,B,75.13,176,1870
1047,020109,C,72.31,82,883
1047,080212,B,25.68,103,911
1047,080212,C,54.09,99,1063
1055,003480,A,12.23,39,375
1055,003480,B,0.52,92,851
1055,01611,B,68.00,77,660
1055,01611,C,4.60,48,487
1055,020109,A,98.85,85,719
1055,031779,B,12.45,76,751
1055,080212,A,19.48,142,1313
1055,080212,C,78.16,93,783
1057,003480,B,45.83,59,588
1057,003480,D,2.04,200,1900
1057,031779,A,56.81,118,1231
1057,031779,B,59.65,13,133
1057,031779,C,38.05,10,89
1057,080212,A,25.40,27,270
1057,080212,B,13.64,83,752
1078,003480,C,87.18,138,1287
1078,01611,B,136.06,176,1699
1078,01611,C,10.84,100,908
1078,01611,D,151.08,13,120
1078,020109,B,1.05,142,1440
1078,020109,C,98.58,59,582
1078,031779,A,94.48,42,381
1078,031779,C,152.95,50,512
1078,080212,A,9.16,166,1469
1078,080212,D,60.18,56,492
1086,01611,A,57.03,60,633
1086,01611,B,104.83,173,1672
1086,01611,D,131.31,1,10
1086,020109,A,78.08,59,508
1086,020109,B,41.25,38,355
1086,031779,C,76.90,73,656
1086,031779,D,21.94,138,1255
1086,080212,A,102.71,132,1272
1086,080212,B,57.19,159,1673
1086,080212,C,155.32,128,1156
1092,003480,C,39.63,80,859
1092,003480,D,74.18,64,547
1092,01611,B,54.63,117,1073
1092,01611,C,55.60,82,872
1092,031779,B,47.61,10,97
1092,031779,C,25.00,72,642
1092,031779,D,151.95,8,77
1094,003480,B,78.24,195,1829
1094,003480,C,187.22,131,1171
1094,01611,A,60.92,51,500
1094,01611,B,140.53,58,602
1094,01611,C,110.80,39,362
1094,01611,D,125.96,76,692
1094,031779,A,95.34,59,576
1097,003480,C,158.35,25,222
1097,01611,C,106.32,148,1548
1097,020109,A,109.26,123,1258
1097,031779,B,94.25,98,950
1097,031779,C,179.57,85,781
1097,031779,D,78.38,70,611
1101,003480,A,112.84,60,599
1101,003480,B,114.96,68,606
1101,01611,C,32.41,85,730
1101,020109,A,125.11,124,1186
1101,020109,C,148.86,48,450
1101,031779,B,197.12,26,250
1101,031779,C,18.75,128,1323
1101,080212,B,137.53,15,155
1114,003480,B,58.68,0,0
1114,01611,C,93.27,189,1692
1114,01611,D,165.86,190,1909
1114,020109,A,119.24,134,1333
1114,020109,C,64.66,82,738
1114,031779,A,146.60,190,1968
1114,031779,B,114.52,154,1432
1127,003480,B,248.41,194,1835
1127,003480,C,221.85,36,304
1127,003480,D,101.18,113,1111
1127,020109,B,24.02,69,686
1127,020109,C,162.33,43,414
1127,031779,B,253.35,106,904
1127,031779,D,17.23,88,884
1130,01611,B,13.26,73,646
1130,01611,D,2.36,187,1609
1130,020109,A,249.75,200,1795
1130,020109,B,47.08,185,1634
1130,020109,C,157.04,22,205
1130,031779,A,242.99,82,737
1130,031779,C,102.93,157,1453
1130,031779,D,10.32,80,791
1130,080212,A,117.26,42,391
1130,080212,B,88.05,188,1695
1130,080212,C,21.61,179,1560
1140,003480,A,108.62,186,1952
1140,003480,B,34.78,123,1205
1140,003480,C,236.56,107,1006
1140,003480,D,147.42,44,461
1140,01611,C,214.16,131,1143
1140,020109,C,11.18,155,1470
1140,031779,A,225.48,50,468
1140,080212,C,116.35,138,1345
1148,003480,A,195.59,170,1786
1148,003480,B,27.84,16,155
1148,020109,C,228.55,78,834
1148,020109,D,267.03,25,218
1148,080212,A,68.43,71,600
1148,080212,C,232.04,27,264
1148,080212,D,22.69,183,1664
1151,003480,A,0.38,152,1441
1151,003480,D,178.67,113,1155
1151,01611,A,98.56,91,938
1151,01611,B,1.44,118,1085
1151,020109,A,301.16,45,438
1151,020109,B,196.64,186,1885
1151,020109,C,189.20,88,885
1151,020109,D,188.19,117,1065
1151,031779,B,65.25,101,1060
1151,080212,A,22.36,60,574
1151,080212,B,206.80,101,958
1158,003480,B,127.55,172,1613
1158,01611,B,276.24,68,724
1158,01611,D,274.65,89,932
1158,020109,A,286.41,44,466
1160,003480,A,3.00,120,1109
1160,01611,B,222.60,26,268
1160,01611,C,201.63,155,1359
1160,01611,D,68.05,123,1127
1160,020109,A,64.33,195,1842
1160,031779,A,163.25,6,64
1160,080212,A,149.16,39,353
1160,080212,C,77.07,44,474
1163,01611,A,36.32,136,1293
1163,020109,A,100.53,98,1047
1163,020109,B,285.76,63,632
1163,020109,C,201.12,24,254
1163,031779,A,142.29,135,1207
1163,031779,D,294.24,188,1636
1163,080212,A,185.23,155,1493
1163,080212,B,22.90,39,419
1169,003480,C,54.14,45,378
1169,01611,A,204.39,40,383
1169,01611,B,19.67,143,1284
1169,01611,C,61.39,70,625
1169,01611,D,204.15,129,1280
1169,020109,C,142.78,148,1406
1169,031779,B,93.67,128,1310
1169,031779,C,126.19,162,1646
1169,031779,D,295.89,79,668
1169,080212,A,310.62,68,590
1169,080212,B,253.38,93,814
1169,080212,C,259.12,125,1194
1170,003480,A,272.10,0,0
1170,003480,D,189.97,144,1321
1170,020109,A,274.98,15,155
1170,020109,B,204.50,33,301
1170,020109,C,100.09,139,1477
1170,020109,D,115.59,185,1783
1170,031779,C,307.38,12,110
1172,003480,A,0.31,81,792
1172,003480,C,10.80,96,904
1172,01611,A,217.66,27,257
1172,01611,B,296.09,150,1398
1172,01611,C,41.16,141,1319
1172,020109,A,274.62,194,1741
1172,020109,D,237.79,155,1633
1193,003480,B,143.63,40,431
1193,003480,C,256.19,96,947
1193,01611,B,33.33,153,1549
1193,020109,A,161.22,58,562
1193,020109,C,39.72,138,1204
1193,020109,D,310.43,91,816
1193,080212,B,108.32,136,1384
1198,01611,B,158.93,138,1409
1198,01611,D,281.34,151,1595
1198,020109,B,278.26,134,1209
1198,020109,C,51.96,19,171
1198,031779,A,48.72,26,278
1198,080212,C,273.23,16,136
1198,080212,D,192.07,67,626
1203,003480,A,231.24,48,499
1203,003480,B,85.55,23,219
1203,003480,C,280.46,107,1001
1203,01611,C,380.56,123,1299
1203,020109,A,201.00,123,1073
1203,020109,B,171.95,64,618
1203,020109,D,264.77,101,920
1205,003480,A,374.47,109,1089
1205,003480,B,60.05,13,125
1205,020109,A,238.30,125,1143
1205,020109,C,353.40,162,1646
1205,031779,A,110.59,130,1099
1205,080212,A,62.93,86,855
1205,080212,B,332.21,24,207
1207,003480,B,121.08,101,1022
1207,01611,B,219.15,148,1266
1207,01611,C,170.17,0,0
1207,020109,C,77.37,167,1542
1207,031779,B,219.94,47,403
1207,031779,D,233.29,122,1095
1207,080212,B,57.24,88,740
1210,01611,A,72.24,142,1397
1210,01611,B,25.31,152,1591
1210,01611,C,314.42,127,1130
1210,020109,B,22.47,35,360
1210,031779,A,103.27,65,553
1210,031779,B,124.63,141,1190
1210,080212,A,380.90,180,1941
1210,080212,C,305.69,164,1686
1214,003480,A,5.99,182,1835
1214,01611,A,413.89,187,2008
1214,01611,B,215.15,145,1473
1214,01611,D,127.47,34,342
1214,020109,C,240.30,10,108
1214,031779,A,359.44,148,1261
1214,031779,C,351.77,144,1238
1245,003480,A,304.00,72,695
1245,003480,C,106.60,19,189
1245,01611,C,468.42,159,1518
1245,01611,D,194.73,169,1767
1245,020109,A,189.66,5,52
1245,020109,C,234.32,136,1323
1245,080212,A,409.10,193,1905
1245,080212,C,295.02,139,1355
1246,003480,C,319.66,146,1555
1246,003480,D,398.09,126,1188
1246,01611,B,108.08,121,1225
1246,020109,A,362.02,94,977
1246,020109,C,375.86,115,1144
1246,031779,C,3.71,27,230
1246,080212,A,388.11,84,824
1246,080212,B,187.45,117,1093
1246,080212,C,20.84,119,1109
1247,003480,C,488.02,151,1517
1247,01611,A,175.04,42,386
1247,01611,D,428.24,0,0
1247,020109,A,392.15,75,718
1247,020109,C,181.60,61,645
1247,031779,B,162.07,79,834
1247,031779,D,183.90,184,1842
1249,003480,B,427.48,194,1708
1249,01611,A,8.15,173,1635
1249,01611,D,161.91,11,94
1249,020109,B,37.58,196,1873
1249,031779,A,179.53,12,104
1249,031779,C,53.13,185,1902
1249,080212,C,264.09,59,497
1251,003480,B,396.32,157,1527
1251,003480,C,499.25,136,1185
1251,003480,D,314.41,91,920
1251,020109,B,104.59,152,1401
1251,031779,A,363.35,102,1077
1251,031779,C,389.34,102,942
1251,080212,A,200.51,186,1708
1251,080212,C,322.03,169,1734
1274,003480,A,234.90,22,237
1274,003480,B,75.73,107,978
1274,020109,B,312.12,39,353
1274,080212,B,393.47,186,1685
1284,01611,A,474.57,106,984
1284,01611,C,87.70,168,1799
1284,020109,A,454.45,78,684
1284,020109,B,224.29,25,230
1285,020109,A,511.09,82,721
1285,020109,B,260.70,79,761
1285,020109,C,390.80,129,1288
1285,031779,C,52.75,116,987
1285,031779,D,504.97,33,331
1290,003480,C,268.10,53,529
1290,003480,D,119.03,111,959
1290,01611,A,23.60,70,643
1290,020109,C,271.68,78,798
1290,031779,A,198.06,141,1483
1290,031779,D,32.05,36,384
1290,080212,C,413.11,86,809
1294,003480,C,327.35,178,1606
1294,003480,D,99.54,42,431
1294,01611,A,277.12,153,1541
1294,031779,A,431.58,114,1113
1294,031779,B,193.66,133,1324
1294,031779,C,178.65,110,1119
1294,031779,D,8.41,60,524
1294,080212,A,145.54,166,1537
1294,080212,C,169.99,117,1219
1302,003480,D,340.34,117,1078
1302,020109,B,267.87,21,223
1302,020109,C,519.04,190,1827
1302,031779,B,65.24,164,1494
1302,031779,C,224.98,16,157
1305,003480,A,86.65,58,511
1305,01611,A,263.12,168,1804
1305,01611,B,524.25,190,2017
1305,01611,D,9.46,96,858
1305,020109,A,451.15,175,1660
1305,020109,D,47.80,19,181
1305,080212,C,139.39,131,1133
1306,003480,C,83.53,143,1333
1306,003480,D,178.72,168,1656
1306,01611,A,79.83,175,1880
1306,01611,D,263.77,162,1381
1306,020109,B,110.20,196,1654
1306,020109,C,367.35,75,757
1306,031779,B,409.83,177,1744
1306,080212,C,116.40,24,224
1307,003480,B,437.84,41,423
1307,003480,C,120.70,162,1697
1307,003480,D,452.95,36,307
1307,01611,A,272.24,135,1176
1307,031779,A,59.01,50,436
1307,031779,C,477.03,124,1264
1307,080212,A,437.66,70,628
1308,01611,B,425.74,189,1634
1308,01611,C,112.87,120,1255
1308,01611,D,185.61,76,798
1308,020109,A,118.26,87,756
1308,020109,D,537.49,94,871
1308,031779,C,494.51,200,1704
1308,031779,D,107.52,181,1648
1310,003480,B,293.77,40,404
1310,003480,C,408.39,15,136
1310,003480,D,275.03,174,1538
1310,01611,B,492.08,167,1453
1310,020109,B,17.19,111,1186
1310,020109,C,123.43,100,881
1328,003480,A,392.78,131,1135
1328,003480,B,498.16,123,1177
1328,01611,A,531.13,186,1840
1328,01611,B,358.97,161,1705
1328,01611,D,220.80,114,1197
1328,020109,A,253.17,54,485
1328,031779,A,20.82,10,103
1328,080212,C,548.82,46,484
1331,003480,A,606.76,142,1432
1331,003480,D,237.68,18,181
1331,01611,A,536.29,178,1676
1331,01611,B,58.45,143,1210
1331,020109,A,571.83,4,40
1331,020109,D,76.83,2,19
1331,031779,A,284.05,91,863
1331,031779,B,294.38,44,377
1331,031779,C,464.03,58,620
1331,031779,D,416.40,34,362
1331,080212,C,294.51,101,887
1359,003480,A,429.80,14,119
1359,003480,D,355.91,145,1363
1359,01611,A,176.52,84,907
1359,01611,B,233.84,89,926
1359,01611,C,505.91,106,1107
1359,01611,D,477.41,82,722
1359,020109,A,511.37,116,1075
1359,020109,B,245.75,51,453
1359,020109,D,231.35,56,490
1359,031779,A,267.38,18,179
1359,031779,C,410.08,131,1115
1359,031779,D,398.24,35,362
1359,080212,A,386.90,86,730
1359,080212,D,143.94,141,1274
1361,003480,A,48.34,96,887
1361,003480,B,587.24,116,1152
1361,003480,C,297.18,140,1185
1361,003480,D,137.45,177,1853
1361,01611,A,44.83,11,111
1361,01611,B,141.45,5,52
1361,01611,C,80.15,148,1521
1361,01611,D,298.75,52,538
1361,080212,A,520.17,165,1728
1361,080212,B,219.64,23,219
1361,080212,C,343.37,6,61
1363,003480,B,315.20,178,1743
1363,003480,D,558.74,94,898
1363,01611,B,51.39,113,1151
1363,01611,C,140.39,111,1122
1363,01611,D,404.87,113,1217
1363,020109,A,318.06,168,1596
1363,020109,B,435.03,118,1167
1363,020109,C,336.37,192,1761
1363,031779,A,461.75,122,1191
1363,031779,C,532.63,87,937
1363,080212,A,432.54,107,1086
1363,080212,B,98.64,188,1800
1378,01611,C,487.02,43,416
1378,020109,A,633.01,60,573
1378,020109,B,186.83,95,874
1378,020109,C,499.00,71,622
1378,031779,A,76.02,81,750
1378,031779,B,685.47,13,140
1378,031779,D,374.62,55,594
1395,003480,A,329.41,27,260
1395,01611,D,83.61,98,938
1395,020109,B,266.62,25,233
1395,080212,B,648.92,38,388
1395,080212,C,19.21,31,315
1397,003480,C,264.07,78,745
1397,003480,D,529.74,107,1106
1397,01611,A,391.46,77,648
1397,01611,C,677.96,63,592
1397,020109,C,776.78,127,1320
1397,031779,B,290.54,153,1515
1397,080212,A,242.62,105,1108
1410,003480,C,733.41,34,295
1410,01611,D,66.76,74,713
1410,020109,B,264.17,0,0
1410,020109,C,210.53,76,657
1410,031779,A,319.23,147,1264
1410,031779,B,429.81,81,685
1412,003480,A,145.82,3,32
1412,003480,C,99.07,64,666
1412,01611,A,614.22,75,713
1412,020109,A,622.19,146,1407
1412,020109,B,102.04,16,135
1412,031779,C,70.72,179,1746
1412,080212,B,669.62,200,2034
1412,080212,D,35.67,12,101
1414,003480,A,626.68,58,532
1414,003480,C,648.30,90,869
1414,003480,D,688.50,20,196
1414,01611,A,628.61,15,159
1414,01611,C,345.41,153,1330
1414,020109,B,298.13,107,1139
1414,080212,A,635.50,79,826
1416,003480,D,98.40,126,1319
1416,01611,A,340.54,60,523
1416,020109,B,709.03,3,30
1416,020109,C,131.93,97,1043
1416,031779,B,34.57,6,62
1416,031779,C,650.21,172,1703
1419,01611,D,183.50,194,2054
1419,031779,A,268.31,25,256
1419,031779,B,446.60,106,1051
1419,080212,A,29.79,156,1331
1419,080212,B,148.12,162,1663
1424,003480,B,800.56,140,1270
1424,003480,C,438.49,121,1182
1424,01611,B,438.38,157,1454
1424,020109,C,188.99,121,1087
1424,031779,A,346.83,36,329
1424,031779,B,629.52,38,375
1424,031779,D,277.88,165,1584
1426,01611,C,660.58,129,1352
1426,020109,A,138.78,90,847
1426,020109,B,13.46,50,440
1426,031779,A,101.01,28,251
1426,031779,C,688.21,102,910
1426,031779,D,617.90,174,1541
1426,080212,B,619.05,112,1026
1426,080212,C,7.64,117,1000
1427,003480,A,177.67,62,659
1427,01611,A,444.76,151,1567
1427,01611,B,714.87,103,1018
1427,01611,C,460.14,107,929
1427,020109,A,810.80,21,216
1427,020109,C,28.00,189,1588
1427,031779,A,600.85,41,406
1459,003480,A,192.64,65,585
1459,031779,A,231.13,156,1678
1459,031779,B,553.68,102,928
1459,031779,D,734.43,197,1843
1459,080212,A,510.30,188,1766
1459,080212,C,783.24,91,889
1459,080212,D,409.94,165,1741
1463,003480,A,626.34,35,313
1463,003480,C,608.78,129,1117
1463,003480,D,473.98,121,1232
1463,01611,C,419.06,140,1277
1463,01611,D,578.28,53,450
1463,020109,A,742.34,155,1512
1463,020109,B,176.31,119,1115
1463,031779,A,537.10,70,741
1463,031779,B,911.85,0,0
1463,031779,C,51.83,12,108
1463,031779,D,138.02,20,192
1463,080212,A,723.16,194,2008
1463,080212,B,523.89,200,1965
1463,080212,C,226.18,97,938
1463,080212,D,656.04,40,366
1469,003480,A,181.22,159,1451
1469,01611,A,890.52,8,70
1469,01611,C,773.56,168,1760
1469,020109,B,92.72,98,931
1469,020109,D,772.47,139,1245
1469,031779,A,129.67,142,1307
1469,031779,B,159.83,49,442
1475,01611,C,325.23,173,1736
1475,020109,A,168.65,144,1533
1475,020109,D,534.20,53,495
1475,031779,B,709.09,63,647
1475,031779,C,851.35,199,1672
1475,080212,A,408.70,110,1015
1475,080212,B,202.96,166,1543
1478,003480,C,900.85,77,682
1478,01611,B,508.59,140,1236
1478,01611,C,110.04,98,947
1478,020109,B,883.76,19,180
1478,020109,C,53.55,14,136
1478,031779,B,314.76,143,1359
1478,031779,D,916.77,113,972
1488,01611,B,910.58,15,158
1488,01611,C,882.56,186,1680
1488,020109,B,420.81,137,1352
1488,031779,B,734.43,148,1559
1488,031779,D,720.76,7,66
1488,080212,A,319.75,189,1640
1488,080212,C,470.58,3,26
1490,003480,A,22.10,141,1258
1490,003480,B,688.18,16,157
1490,003480,D,792.69,110,990
1490,01611,C,33.46,75,734
1490,031779,B,620.98,53,558
1490,080212,B,583.75,179,1799
1490,080212,D,805.69,4,43
1504,003480,B,759.56,3,29
1504,020109,C,742.24,180,1874
1504,020109,D,507.96,29,297
1504,031779,B,885.87,40,360
1504,080212,C,631.10,8,80
1507,003480,B,20.13,153,1403
1507,003480,D,227.20,40,392
1507,020109,B,426.98,175,1794
1507,020109,C,116.76,117,1136
1507,031779,A,907.38,19,205
1507,031779,D,78.05,112,1090
1507,080212,A,658.66,75,698
1516,003480,A,802.86,26,227
1516,003480,C,9.10,194,1638
1516,003480,D,183.87,135,1148
1516,01611,B,556.41,184,1562
1516,01611,C,687.37,24,231
1516,01611,D,149.51,119,1233
1516,020109,B,1002.04,167,1594
1516,020109,C,870.46,137,1192
1516,031779,B,642.51,18,161
1516,031779,C,892.54,62,533
1516,080212,B,957.49,184,1668
1516,080212,C,742.20,146,1278
1518,020109,A,662.25,154,1356
1518,020109,B,325.28,89,812
1518,020109,D,876.92,80,833
1518,031779,A,392.51,54,478
1518,080212,A,704.56,169,1452
1518,080212,B,709.81,98,884
1518,080212,C,317.33,11,114
1528,003480,C,123.41,79,705
1528,01611,C,484.80,145,1515
1528,020109,A,506.11,133,1336
1528,020109,B,95.33,103,1034
1528,031779,B,334.05,114,978
1528,031779,C,649.44,66,612
1528,080212,B,816.17,170,1815
1533,01611,A,327.32,182,1583
1533,020109,B,475.22,74,778
1533,020109,D,142.45,9,93
1533,031779,D,470.26,28,257
1533,080212,A,691.48,135,1246
1536,003480,A,222.52,113,1049
1536,003480,C,851.91,83,771
1536,003480,D,918.33,119,1149
1536,01611,C,254.81,192,1999
1536,031779,A,172.50,124,1288
1536,031779,B,270.81,60,511
1541,003480,B,930.20,39,417
1541,003480,C,891.05,62,608
1541,01611,A,972.10,112,1008
1541,020109,C,956.33,106,1011
1541,031779,A,606.72,87,747
1541,031779,C,569.10,86,892
1541,080212,B,1010.78,13,137
1543,01611,B,382.41,27,231
1543,01611,C,635.76,143,1487
1543,01611,D,1033.40,20,213
1543,020109,B,929.25,172,1556
1543,020109,D,433.49,49,450
1543,031779,A,845.68,116,1195
1543,080212,A,1052.60,150,1310
1543,080212,B,868.45,29,299
1543,080212,C,190.31,84,904
1547,003480,B,1007.68,68,619
1547,003480,D,13.49,149,1460
1547,01611,B,110.38,190,1766
1547,031779,C,668.90,101,1039
1547,080212,B,808.24,114,1214
1547,080212,C,222.93,48,434
1550,01611,A,23.70,43,436
1550,01611,C,998.35,173,1662
1550,01611,D,134.40,200,1861
1550,020109,A,107.55,125,1228
1550,031779,A,171.13,56,530
1550,031779,C,1066.36,200,1692
1550,031779,D,576.19,169,1745
1550,080212,A,941.88,127,1292
1555,003480,A,707.61,22,197
1555,003480,C,807.69,195,2047
1555,020109,A,361.38,185,1874
1555,031779,A,590.15,193,1855
1555,031779,B,175.53,101,938
1555,080212,A,429.93,92,836
1555,080212,D,926.06,125,1222
1564,003480,A,234.47,120,1083
1564,003480,B,116.81,31,334
1564,01611,B,3.47,194,2076
1564,01611,D,709.85,19,196
1564,020109,B,87.03,86,823
1564,080212,A,910.06,72,656
1564,080212,B,782.97,19,162
1576,003480,C,348.49,181,1787
1576,01611,B,229.80,41,406
1576,01611,D,616.64,23,206
1576,020109,B,56.79,146,1468
1576,020109,C,88.48,114,1119
1576,080212,A,86.22,117,1075
1576,080212,B,713.49,65,642
1581,003480,A,1057.82,152,1401
1581,003480,B,930.81,50,439
1581,01611,A,9.09,150,1285
1581,020109,A,1085.57,66,631
1581,020109,B,312.23,115,1024
1581,020109,C,1089.63,87,740
1581,080212,C,702.89,117,1139
1585,003480,B,566.91,123,1256
1585,01611,C,790.59,142,1533
1585,020109,A,1076.75,65,608
1585,031779,C,1036.67,188,1972
1585,031779,D,937.51,103,1104
1585,080212,B,548.64,8,76
1585,080212,C,85.19,110,1182
1586,003480,A,807.97,163,1729
1586,003480,B,590.76,86,742
1586,003480,D,545.48,148,1421
1586,031779,B,988.34,17,179
1586,080212,B,846.43,9,77
1586,080212,C,523.65,99,886
1588,003480,C,705.62,50,523
1588,01611,C,1022.08,8,78
1588,01611,D,183.52,38,374
1588,020109,A,1072.96,34,359
1588,020109,B,657.88,151,1355
1588,031779,C,256.89,56,482
1588,080212,A,1.26,67,658
1588,080212,C,778.09,148,1409
1604,003480,B,407.37,195,2010
1604,003480,C,272.45,59,512
1604,01611,A,186.53,123,1263
1604,01611,B,1057.45,163,1671
1604,020109,B,709.98,39,361
1604,080212,B,1052.72,54,578
1604,080212,C,1189.60,100,953
1609,003480,C,979.67,60,529
1609,01611,A,466.89,58,585
1609,020109,C,719.37,143,1318
1609,031779,B,275.42,151,1334
1609,031779,D,611.12,137,1234
1609,080212,B,502.67,75,757
1609,080212,C,219.65,195,1674
1616,01611,A,1227.77,5,42
1616,020109,C,466.07,85,723
1616,031779,B,686.96,38,333
1616,031779,D,798.68,127,1090
1616,080212,A,1025.90,101,1069
1616,080212,C,609.74,20,181
1618,003480,A,1193.57,96,943
1618,003480,B,559.32,110,1002
1618,003480,C,813.50,171,1480
1618,01611,A,889.92,67,668
1618,020109,C,772.70,61,618
1618,031779,A,296.08,142,1328
1618,080212,B,481.03,101,1005
1619,01611,B,512.86,48,431
1619,020109,C,213.83,47,432
1619,020109,D,94.90,155,1532
1619,031779,A,926.86,72,761
1619,080212,A,880.78,100,963
1619,080212,B,272.38,155,1509
1619,080212,D,463.29,167,1745
1620,003480,A,573.24,118,1065
1620,003480,B,408.76,92,982
1620,01611,B,15.55,5,42
1620,020109,C,130.00,144,1301
1620,080212,A,208.10,198,1744
1620,080212,B,17.33,169,1588
1620,080212,C,1105.18,161,1575
1634,01611,A,351.55,81,785
1634,01611,C,724.97,92,900
1634,020109,D,502.31,2,19
1634,031779,C,201.08,87,863
1634,080212,C,832.91,143,1372
1636,003480,A,688.19,179,1707
1636,01611,B,45.92,180,1800
1636,020109,A,886.67,95,856
1636,020109,D,465.24,94,836
1636,031779,A,977.17,119,1008
1636,080212,A,25.25,177,1636
1636,080212,C,67.89,184,1691
1641,003480,C,946.40,171,1488
1641,01611,B,1268.81,61,630
1641,01611,C,390.27,9,85
1641,020109,A,76.38,21,177
1641,020109,B,47.36,14,147
1641,031779,A,1113.31,164,1572
1641,031779,B,890.02,34,308
1641,080212,C,562.23,64,594
1645,01611,A,1240.03,142,1518
1645,01611,C,961.95,75,643
1645,020109,B,1073.19,75,784
1645,020109,D,535.91,134,1386
1645,031779,C,888.98,159,1522
1645,031779,D,1191.22,33,307
1669,003480,A,82.41,20,208
1669,01611,B,852.03,147,1424
1669,020109,B,946.55,31,284
1669,020109,D,266.97,7,66
1669,031779,C,219.43,0,0
1669,080212,B,370.02,15,157
1669,080212,C,316.45,197,1724
1669,080212,D,1261.27,128,1274
1681,003480,A,954.59,68,593
1681,003480,C,5.63,164,1562
1681,003480,D,437.49,175,1812
1681,01611,C,559.43,147,1263
1681,01611,D,90.64,84,817
1681,020109,C,592.80,118,1044
1681,031779,C,1034.87,64,577
1687,003480,C,1284.43,186,1818
1687,01611,B,830.73,73,667
1687,031779,B,784.09,60,623
1687,080212,A,488.70,194,1771
1687,080212,B,389.89,78,664
1703,003480,A,203.15,123,1230
1703,003480,B,477.72,26,241
1703,003480,D,770.59,67,716
1703,01611,A,1339.63,103,984
1703,01611,B,1351.26,50,495
1703,01611,C,1110.18,48,451
1703,01611,D,884.12,65,696
1703,020109,A,599.49,189,1774
1703,020109,D,466.14,131,1253
1703,031779,A,170.79,110,1125
1703,031779,B,911.77,34,329
1703,031779,C,1091.86,47,403
1703,080212,B,922.93,69,724
1704,003480,A,859.59,41,428
1704,003480,D,735.81,164,1488
1704,031779,C,1005.54,88,925
1713,003480,C,919.50,167,1507
1713,01611,B,1035.05,91,784
1713,01611,D,1208.79,101,1005
1713,020109,B,941.59,101,1031
1713,031779,B,765.24,119,1016
1713,080212,A,294.16,82,737
1714,003480,C,1284.89,190,1718
1714,020109,A,209.20,157,1413
1714,020109,B,629.65,53,540
1714,020109,C,1309.87,41,413
1714,020109,D,1064.96,157,1343
1714,031779,B,790.12,91,807
1714,080212,C,614.59,54,545
1720,003480,A,1334.92,28,292
1720,01611,A,722.85,190,1943
1720,01611,B,896.43,106,974
1720,020109,B,335.98,156,1591
1720,031779,A,1125.14,17,175
1720,031779,B,228.55,55,587
1720,080212,A,525.52,176,1513
1722,01611,A,396.33,35,302
1722,020109,A,1055.17,130,1259
1722,020109,C,19.67,11,105
1722,020109,D,1057.75,94,997
1722,080212,A,1262.33,140,1194
1722,080212,B,488.68,176,1819
1722,080212,C,620.57,34,298
1726,01611,A,350.33,99,1057
1726,01611,C,498.21,55,488
1726,01611,D,1334.32,137,1320
1726,020109,C,99.99,129,1099
1726,080212,A,1057.08,117,1080
1726,080212,B,1123.12,178,1820
1727,003480,B,921.01,61,622
1727,003480,D,1129.84,182,1943
1727,01611,B,1177.46,108,1127
1727,020109,B,564.55,104,1048
1727,031779,A,97.95,39,350
1727,031779,B,1317.56,72,747
1727,031779,D,1408.21,56,591
1727,080212,B,1342.30,111,1187
1731,003480,B,807.36,127,1172
1731,020109,B,592.05,70,725
1731,031779,C,1302.24,56,528
1731,080212,A,1165.03,161,1525
1732,01611,A,1425.58,52,518
1732,01611,B,183.88,4,37
1732,01611,C,1386.94,154,1590
1732,020109,B,895.26,129,1218
1732,020109,C,1009.42,110,981
1732,080212,B,1457.89,136,1426
1732,080212,C,396.70,9,87
1733,003480,C,904.90,156,1632
1733,01611,D,1206.26,74,666
1733,020109,C,45.63,77,783
1733,031779,C,918.02,144,1538
1733,080212,B,1327.17,73,779
1734,01611,C,1368.54,80,679
1734,020109,A,396.18,68,648
1734,020109,B,459.23,10,103
1734,020109,D,534.87,73,744
1734,080212,B,566.29,97,839
1734,080212,C,1267.57,139,1414
1734,080212,D,763.36,62,668
1736,003480,A,313.13,99,1023
1736,003480,C,61.57,138,1269
1736,01611,A,927.63,46,432
1736,020109,A,1019.96,143,1513
1736,020109,C,1269.35,110,1077
1736,020109,D,907.11,145,1405
1736,080212,B,1315.43,105,1088
1741,003480,A,1152.67,110,1019
1741,01611,A,1017.52,53,493
1741,01611,B,351.70,111,1082
1741,020109,A,316.71,144,1526
1741,031779,C,1254.36,3,28
1741,080212,A,103.83,61,516
1741,080212,C,588.40,121,1096
1743,003480,A,795.08,91,878
1743,003480,D,773.93,72,701
1743,01611,A,1419.22,35,306
1743,020109,A,494.36,168,1452
1743,020109,B,210.29,150,1587
1743,020109,D,563.49,46,427
1743,031779,C,1031.47,138,1309
1767,003480,A,842.39,23,207
1767,01611,C,89.81,8,70
1767,01611,D,530.38,112,1004
1767,020109,B,180.56,53,502
1767,020109,C,270.47,165,1651
1767,031779,B,1222.32,120,1097
1767,080212,B,747.24,36,373
1770,003480,B,754.79,135,1403
1770,003480,C,1097.39,118,1049
1770,003480,D,133.36,132,1197
1770,020109,A,528.07,11,115
1770,031779,B,1431.59,28,248
1770,080212,C,1261.47,1,9
1775,003480,D,76.82,17,174
1775,020109,A,615.86,198,2033
1775,031779,A,1372.61,53,521
1775,031779,C,15.91,126,1358
1775,080212,A,1407.64,28,271
1786,003480,C,1358.02,32,286
1786,020109,D,664.23,104,1112
1786,031779,B,533.88,67,629
1786,080212,B,1480.99,167,1546
1786,080212,C,129.12,182,1724
1794,01611,C,335.02,74,626
1794,020109,A,1472.75,115,974
1794,020109,C,1539.10,141,1477
1794,020109,D,1313.37,158,1359
1794,031779,C,800.61,192,2028
1794,080212,C,391.92,77,785
1794,080212,D,479.15,179,1629
1811,003480,A,568.11,89,808
1811,01611,A,198.70,119,1186
1811,01611,B,1137.00,25,241
1811,01611,C,1497.27,192,1820
1811,01611,D,530.15,45,389
1811,031779,A,262.87,107,999
1811,080212,A,1116.39,79,818
1812,003480,A,190.87,193,1956
1812,01611,A,180.42,165,1448
1812,01611,C,1045.63,169,1601
1812,01611,D,1048.34,135,1205
1812,020109,B,323.60,159,1349
1812,020109,D,1063.24,73,636
1812,031779,B,299.75,46,473
1812,031779,C,828.13,65,569
1812,031779,D,247.31,169,1493
1812,080212,B,902.92,103,968
1812,080212,D,313.17,170,1740
1821,003480,A,381.76,197,2063
1821,01611,B,914.08,56,592
1821,020109,C,1211.21,74,720
1821,020109,D,198.45,190,1945
1821,031779,B,1357.64,56,486
1821,080212,C,1168.10,156,1471
1827,003480,A,1022.12,159,1696
1827,003480,C,215.47,11,110
1827,003480,D,1039.48,84,907
1827,01611,A,1596.68,164,1653
1827,020109,A,1516.49,172,1496
1827,020109,B,471.93,78,699
1827,020109,C,1322.13,140,1448
1827,020109,D,49.04,92,937
1827,031779,B,950.76,113,1196
1827,080212,B,1151.52,107,1108
1827,080212,C,965.80,182,1595
1827,080212,D,1498.76,2,20
1829,003480,A,350.44,63,540
1829,003480,C,1455.01,5,51
1829,003480,D,157.09,199,1767
1829,01611,B,538.68,75,758
1829,020109,A,90.33,59,601
1829,031779,A,880.22,115,1189
1829,031779,C,1467.63,161,1637
1833,003480,A,633.02,70,628
1833,003480,B,876.76,87,913
1833,003480,C,849.93,130,1215
1833,003480,D,1354.39,77,700
1833,01611,B,606.42,86,902
1833,01611,C,746.65,53,555
1833,031779,B,706.68,94,821
1835,003480,A,1646.38,80,831
1835,003480,D,1637.08,11,94
1835,01611,B,1545.98,14,120
1835,01611,C,630.07,168,1651
1835,020109,B,343.31,89,794
1835,031779,C,1193.10,42,446
1835,080212,A,16.56,28,271
1835,080212,C,803.95,192,2033
1837,003480,A,601.73,101,965
1837,01611,B,1028.71,174,1499
1837,01611,C,66.10,130,1314
1837,01611,D,531.77,97,883
1837,031779,A,1666.20,12,105
1837,080212,A,1105.63,10,93
1837,080212,B,1503.74,102,933
1840,003480,A,328.57,163,1560
1840,003480,C,272.00,22,203
1840,01611,B,478.09,64,678
1840,01611,C,467.75,101,1045
1840,020109,A,417.64,176,1716
1840,020109,C,388.64,43,381
1840,020109,D,1610.18,111,1049
1840,080212,A,1524.16,72,721
1841,003480,B,516.56,12,102
1841,01611,A,207.57,153,1555
1841,020109,B,353.55,124,1169
1841,031779,A,302.92,161,1604
1841,031779,D,1637.32,141,1188
1841,080212,B,992.05,88,949
1841,080212,C,1153.71,146,1430
1843,003480,C,1397.70,183,1806
1843,01611,A,1538.57,135,1418
1843,020109,A,796.46,145,1547
1843,031779,A,895.62,2,18
1843,031779,C,677.45,33,285
1843,031779,D,671.81,199,1854
1843,080212,B,572.19,56,599
1847,003480,B,371.74,168,1428
1847,003480,C,1445.03,27,275
1847,01611,A,944.52,182,1859
1847,01611,B,496.60,152,1548
1847,01611,C,1489.96,59,593
1847,01611,D,105.23,182,1868
1847,031779,A,1374.16,100,881
1847,031779,B,305.65,127,1123
1847,031779,C,259.87,158,1524
1847,080212,B,648.26,44,423
1847,080212,C,207.78,75,686
1847,080212,D,537.43,27,246
1850,003480,B,1520.74,63,531
1850,01611,A,319.26,91,942
1850,01611,B,583.14,75,756
1850,020109,A,749.54,25,257
1850,020109,C,1386.57,142,1269
1850,020109,D,268.43,125,1343
1850,080212,C,406.65,13,116
1851,003480,C,338.36,36,372
1851,01611,C,49.41,85,857
1851,01611,D,91.48,129,1261
1851,020109,A,446.62,64,572
1851,031779,A,1572.24,22,219
1851,031779,B,590.23,25,265
1851,031779,D,1411.94,159,1546
1853,003480,C,1249.24,109,1113
1853,003480,D,110.34,100,991
1853,01611,C,318.70,93,804
1853,020109,C,99.69,108,1123
1853,080212,B,189.78,29,244
1853,080212,D,952.66,28,293
1855,01611,B,1137.32,172,1662
1855,020109,A,1350.68,139,1274
1855,020109,B,1589.53,161,1452
1855,020109,C,119.98,121,1201
1855,020109,D,1617.63,23,231
1855,031779,B,1519.29,46,404
1855,031779,C,1447.14,57,588
1865,003480,A,1210.68,143,1512
1865,003480,B,804.16,83,815
1865,01611,A,601.84,193,1992
1865,020109,A,1625.31,117,1201
1865,020109,B,1163.73,32,335
1865,031779,B,1384.36,186,2008
1865,080212,B,1123.86,191,2044
1865,080212,C,954.88,52,456
1876,003480,B,831.22,197,1828
1876,01611,A,1657.75,48,491
1876,01611,C,1388.75,125,1314
1876,031779,A,83.40,33,339
1876,031779,B,1638.92,169,1461
1876,031779,D,1544.26,156,1413
1876,080212,C,1466.31,193,1697
1880,003480,B,498.59,100,897
1880,003480,C,418.88,10,88
1880,01611,A,316.60,99,854
1880,01611,D,1223.13,1,10
1880,031779,B,1601.95,98,949
1880,031779,C,1742.82,72,717
1880,080212,C,742.62,25,239
1882,003480,B,294.88,113,1218
1882,003480,C,971.04,37,377
1882,01611,B,190.26,103,1111
1882,031779,A,1384.64,158,1433
1882,080212,B,6.50,45,449
1882,080212,D,1631.82,54,500
1891,003480,B,459.70,123,1327
1891,003480,C,1767.45,25,229
1891,003480,D,575.63,25,255
1891,01611,C,726.55,179,1733
1891,01611,D,1028.15,1,10
1891,020109,A,1711.86,79,835
1891,020109,B,677.03,12,111
1891,020109,D,97.06,61,576
1891,031779,B,1465.99,77,739
1891,031779,C,203.94,138,1304
1891,031779,D,178.51,26,277
1891,080212,A,979.57,108,997
1891,080212,B,888.15,96,898
1893,003480,A,1032.96,83,842
1893,01611,B,666.79,20,183
1893,01611,C,1561.29,57,599
1893,020109,B,1738.92,95,875
1893,031779,C,475.07,15,153
1893,080212,B,746.19,51,439
1893,080212,C,1710.10,176,1498
1894,003480,B,85.39,159,1692
1894,01611,A,82.56,53,494
1894,01611,C,1577.54,53,475
1894,01611,D,477.96,54,546
1894,020109,A,343.65,132,1328
1894,020109,B,505.16,91,847
1894,020109,C,128.13,99,944
1894,031779,A,979.06,148,1368
1894,031779,D,913.04,17,163
1894,080212,C,212.23,2,19
1899,003480,A,1075.81,60,600
1899,003480,C,979.12,136,1439
1899,003480,D,982.22,165,1571
1899,020109,B,1605.62,47,447
1899,031779,B,733.84,140,1186
1899,031779,C,1564.92,5,48
1899,080212,C,1172.39,44,390
1901,003480,A,470.77,187,1684
1901,01611,A,1069.31,115,1229
1901,01611,C,1433.17,42,398
1901,031779,A,800.49,90,923
1901,031779,C,173.86,74,702
1901,080212,B,1281.96,162,1576
1901,080212,C,562.05,169,1779
1903,003480,A,1346.46,27,282
1903,01611,C,147.63,106,974
1903,01611,D,77.56,80,720
1903,020109,B,1249.29,101,958
1903,031779,A,1125.97,32,271
1903,031779,D,1784.14,39,336
1903,080212,C,912.30,76,710
1908,003480,B,923.56,95,833
1908,01611,C,221.85,95,885
1908,020109,A,278.68,97,920
1908,020109,B,879.47,150,1565
1908,020109,C,1738.94,145,1323
1908,080212,A,823.50,85,889
1908,080212,B,1265.26,86,736
1924,003480,A,859.28,20,182
1924,01611,C,1663.00,82,792
1924,020109,A,1279.19,39,332
1924,020109,B,9.79,155,1661
1924,020109,D,1558.40,106,923
1924,031779,C,1080.19,143,1349
1924,080212,C,1190.08,113,1171
1925,003480,A,814.84,108,1078
1925,003480,C,59.37,29,306
1925,01611,A,877.77,160,1628
1925,020109,A,725.18,183,1806
1925,031779,C,1305.52,185,1891
1925,080212,A,268.83,183,1687
1925,080212,B,725.11,190,1637
1925,080212,C,126.38,108,979
1932,003480,B,1239.19,36,380
1932,01611,B,163.06,92,989
1932,01611,C,1047.82,161,1368
1932,020109,B,1730.73,15,146
1932,020109,C,432.66,97,981
1932,080212,C,1183.31,175,1550
1944,003480,B,511.65,84,821
1944,020109,A,1847.09,89,748
1944,020109,C,1697.71,106,1075
1944,020109,D,1257.15,69,581
1944,031779,B,1197.59,4,36
1944,031779,D,1117.90,4,42
1944,080212,C,1705.86,19,174
1948,003480,A,551.77,151,1417
1948,01611,A,10.34,185,1953
1948,01611,B,498.53,122,1150
1948,01611,C,1629.76,60,637
1948,020109,A,489.80,182,1541
1948,020109,D,417.79,67,627
1948,031779,A,494.29,145,1428
1951,003480,A,969.57,7,61
1951,003480,C,93.13,104,941
1951,003480,D,1396.05,117,1086
1951,01611,A,1544.37,10,85
1951,01611,D,1506.88,148,1440
1951,031779,C,391.15,128,1232
1951,080212,B,1870.05,177,1527
1959,003480,A,724.27,162,1522
1959,003480,B,1209.64,135,1433
1959,003480,D,1235.57,42,361
1959,01611,B,1528.27,147,1551
1959,01611,C,515.45,41,345
1959,020109,C,280.00,150,1492
1967,01611,C,1799.69,148,1368
1967,020109,A,429.34,62,581
1967,020109,B,1114.68,149,1516
1967,031779,A,993.74,171,1633
1967,031779,B,743.76,32,303
1967,031779,C,1788.30,149,1268
1967,031779,D,101.87,172,1772
1967,080212,D,223.75,182,1722
1968,003480,A,504.53,24,242
1968,003480,B,20.26,37,348
1968,01611,B,210.62,53,530
1968,031779,A,1208.01,90,852
1968,031779,D,358.10,23,220
1968,080212,A,1442.17,61,621
1968,080212,C,973.93,192,1939
1974,003480,C,409.78,154,1457
1974,01611,C,278.14,48,488
1974,031779,A,1654.25,31,300
1974,031779,B,1438.91,49,480
1974,031779,C,615.64,168,1641
1974,031779,D,22.53,27,273
1974,080212,C,1665.00,10,106
1979,003480,A,562.81,147,1279
1979,003480,B,706.60,115,1212
1979,003480,D,656.86,22,192
1979,01611,A,1111.11,143,1314
1979,01611,B,1677.64,19,173
1979,01611,C,1922.89,173,1532
1979,01611,D,1917.87,52,450
1979,020109,B,1110.71,89,899
1979,031779,C,439.56,82,737
1979,031779,D,556.82,196,2025
1979,080212,A,1178.67,10,94
1979,080212,C,1404.18,94,911
1981,003480,A,1512.77,34,347
1981,003480,C,951.70,85,869
1981,01611,A,1324.66,51,517
1981,01611,D,502.56,121,1041
1981,020109,B,444.28,86,762
1981,031779,A,1249.42,178,1689
1981,031779,B,1500.01,185,1556
1986,003480,A,148.97,62,602
1986,003480,B,290.08,79,692
1986,003480,D,328.13,174,1634
1986,01611,C,1139.45,96,1007
1986,020109,A,807.22,186,1690
1986,020109,B,1721.11,80,775
1986,020109,D,1197.37,52,491
1986,031779,C,1966.40,58,597
1990,020109,C,1304.65,199,1717
1990,031779,A,511.41,193,2031
1990,031779,C,261.39,111,955
1990,031779,D,606.03,60,547
1990,080212,A,608.46,128,1214
1990,080212,D,1358.20,114,1080
1999,003480,A,1670.76,106,891
1999,003480,C,943.44,169,1525
1999,01611,A,1632.51,160,1396
1999,01611,B,653.78,128,1200
1999,020109,B,336.72,23,226
1999,020109,D,228.19,129,1178
1999,031779,C,181.93,14,128
1999,031779,D,1523.08,131,1102
1999,080212,A,1643.35,48,509
1999,080212,C,1304.84,60,621
1999,080212,D,1714.71,2,19
2001,003480,A,0.95,40,373
2001,01611,C,1.43,48,450
2001,020109,B,0.90,77,677
2001,020109,C,1.67,26,238
2001,020109,D,1.20,48,465
2001,080212,B,1.80,67,666
2001,080212,C,1.88,177,1815
2002,003480,B,2.44,143,1295
2002,003480,C,0.46,145,1504
2002,01611,A,2.73,154,1454
2002,01611,B,0.89,159,1707
2002,01611,C,0.49,4,36
2002,01611,D,2.55,192,1981
2002,080212,C,0.05,128,1154
2008,003480,B,13.36,39,381
2008,003480,C,13.58,46,439
2008,01611,A,11.61,28,268
2008,01611,C,10.99,124,1244
2008,020109,B,3.57,97,849
2008,031779,B,12.25,29,272
2008,031779,C,15.52,54,579
2009,003480,A,15.62,91,913
2009,003480,B,13.17,19,170
2009,003480,C,0.08,182,1656
2009,003480,D,14.91,128,1310
2009,01611,A,15.79,67,644
2009,01611,C,17.51,167,1620
2009,01611,D,4.10,66,590
2009,020109,C,0.94,132,1332
2009,020109,D,2.39,55,591
2009,031779,C,10.19,142,1490
2009,080212,A,0.42,78,675
2009,080212,C,1.86,151,1602
2009,080212,D,3.72,146,1325
2014,01611,A,6.94,168,1686
2014,01611,C,4.91,54,535
2014,01611,D,5.94,27,286
2014,020109,B,6.48,106,969
2014,080212,B,6.86,89,832
2014,080212,C,18.01,109,1024
2018,003480,C,6.87,72,709
2018,003480,D,22.91,141,1245
2018,01611,A,32.12,96,846
2018,01611,B,6.55,119,1058
2018,01611,C,31.74,71,727
2018,01611,D,18.10,67,572
2018,031779,C,8.89,186,1841
2023,01611,C,36.03,168,1732
2023,01611,D,44.55,93,813
2023,031779,A,38.63,39,417
2023,031779,C,0.15,198,1937
2023,031779,D,38.17,120,1083
2030,01611,B,47.54,157,1684
2030,01611,D,10.36,37,366
2030,020109,A,32.31,79,710
2030,020109,C,27.90,169,1697
2030,031779,A,2.56,121,1203
2030,031779,C,50.88,37,374
2030,080212,B,42.76,129,1284
2035,003480,A,61.43,77,825
2035,01611,A,56.52,34,297
2035,01611,C,18.46,61,607
2035,020109,C,51.98,54,532
2035,031779,B,39.07,14,122
2035,031779,D,17.73,78,816
2035,080212,A,55.24,106,998
2036,003480,C,11.24,90,805
2036,01611,C,8.17,53,483
2036,020109,B,34.84,150,1474
2036,031779,A,34.16,60,575
2036,080212,A,70.39,99,930
2036,080212,C,47.04,146,1423
2036,080212,D,38.68,152,1365
2045,01611,C,12.94,130,1314
2045,020109,A,15.16,8,67
2045,020109,B,41.23,190,1680
2045,020109,C,12.24,20,190
2045,031779,A,1.16,78,813
2045,031779,D,62.57,164,1762
2045,080212,A,20.29,115,1094
2045,080212,B,50.33,180,1711
2050,003480,A,35.78,98,894
2050,003480,C,22.73,89,959
2050,01611,C,55.24,38,336
2050,020109,C,38.54,0,0
2050,020109,D,62.64,4,39
2054,003480,A,53.53,120,1158
2054,003480,C,72.41,84,734
2054,01611,C,6.10,34,347
2054,01611,D,30.60,107,1151
2054,020109,B,64.42,165,1461
2054,031779,A,26.26,168,1808
2054,080212,A,38.07,67,711
2055,003480,A,93.66,194,2006
2055,003480,B,35.85,85,752
2055,003480,D,83.24,97,906
2055,01611,A,52.70,177,1496
2055,01611,B,42.64,74,756
2055,031779,A,102.97,109,1002
2055,080212,C,15.38,90,960
2063,003480,A,64.20,100,1026
2063,003480,C,29.81,51,549
2063,003480,D,45.79,88,813
2063,01611,A,12.64,84,727
2063,01611,B,32.96,109,1098
2063,01611,C,26.89,31,279
2063,020109,A,39.98,62,595
2063,020109,C,27.47,38,330
2063,020109,D,124.80,53,536
2063,031779,A,86.95,173,1560
2063,031779,C,92.99,150,1329
2063,080212,A,26.65,100,977
2063,080212,B,84.50,134,1416
2063,080212,C,115.49,181,1820
2067,003480,C,131.17,3,31
2067,020109,B,89.88,190,1814
2067,020109,C,5.01,81,801
2067,020109,D,56.42,149,1403
2067,031779,A,21.31,157,1509
2067,031779,B,124.86,74,641
2068,003480,B,5.47,123,1226
2068,003480,C,61.29,55,488
2068,01611,C,93.08,169,1678
2068,020109,A,133.62,162,1726
2068,020109,B,98.52,64,590
2068,020109,D,11.91,146,1423
2068,031779,C,124.04,172,1496
2068,080212,A,122.51,117,1102
2072,01611,A,65.57,149,1523
2072,01611,B,33.05,19,161
2072,01611,C,48.65,114,984
2072,020109,B,139.20,35,334
2072,020109,C,16.84,165,1750
2072,031779,C,115.52,31,274
2072,080212,C,33.35,56,590
2077,003480,A,112.79,73,777
2077,01611,C,84.06,45,451
2077,020109,C,62.53,91,953
2077,031779,C,143.33,73,657
2083,003480,A,27.09,62,564
2083,003480,B,51.60,163,1431
2083,01611,A,75.07,3,28
2083,01611,C,72.39,4,34
2083,020109,A,73.04,29,312
2083,020109,D,116.41,171,1478
2083,031779,C,156.23,105,999
2083,080212,A,49.90,44,398
2083,080212,B,50.89,127,1355
2083,080212,C,164.51,91,885
2089,003480,B,131.10,178,1739
2089,080212,A,43.93,181,1810
2089,080212,B,1.14,33,304
2089,080212,C,74.15,102,957
2093,003480,C,57.19,194,1986
2093,01611,A,130.82,90,938
2093,031779,B,178.71,154,1538
2093,031779,C,145.26,179,1776
2093,080212,B,145.20,68,635
2093,080212,C,162.26,122,1223
2093,080212,D,15.53,197,2052
2105,003480,A,76.30,137,1337
2105,003480,B,108.59,13,113
2105,031779,A,140.92,118,1062
2105,031779,B,119.47,39,365
2105,031779,D,182.03,39,353
2105,080212,C,85.19,82,818
2107,01611,A,196.75,67,623
2107,01611,C,51.38,56,508
2107,01611,D,121.35,111,1174
2107,020109,B,31.75,11,115
2107,020109,C,43.35,163,1562
2107,031779,C,184.85,139,1312
2107,031779,D,162.44,147,1370
2111,003480,B,124.86,82,700
2111,003480,C,129.54,180,1714
2111,01611,B,194.70,4,39
2111,01611,C,142.58,32,323
2111,020109,C,38.11,28,284
2111,031779,A,144.89,127,1265
2111,031779,C,161.33,65,697
2115,003480,A,27.57,59,549
2115,003480,B,133.44,178,1502
2115,01611,A,204.36,24,220
2115,01611,C,211.16,86,816
2115,020109,C,3.13,85,875
2115,031779,A,166.19,154,1307
2115,080212,B,206.97,114,1180
2115,080212,C,213.39,38,343
2117,01611,B,117.90,168,1651
2117,020109,C,141.47,39,410
2117,020109,D,174.36,190,1838
2117,031779,A,123.88,94,844
2117,080212,B,200.32,151,1553
2117,080212,C,138.48,198,1784
2117,080212,D,160.57,112,1159
2121,003480,C,149.94,158,1604
2121,01611,C,194.52,148,1376
2121,020109,A,214.36,40,374
2121,031779,B,156.51,26,225
2121,031779,C,44.13,35,363
2121,080212,A,116.69,73,645
2121,080212,B,75.78,148,1265
2124,003480,A,169.71,155,1618
2124,003480,C,7.87,182,1797
2124,01611,C,32.38,33,318
2124,020109,A,195.80,74,753
2124,020109,B,100.90,183,1928
2124,080212,A,24.56,125,1249
2124,080212,D,97.08,132,1386
2132,003480,A,31.00,162,1469
2132,003480,C,203.24,100,986
2132,01611,B,0.86,28,237
2132,01611,D,263.00,179,1578
2132,020109,A,261.02,131,1128
2132,020109,D,1.74,147,1320
2132,031779,B,242.97,22,200
2132,031779,C,128.18,21,202
2132,080212,A,249.31,118,1269
2132,080212,D,62.73,69,638
2141,003480,B,6.74,106,981
2141,01611,B,254.40,70,631
2141,020109,B,63.70,114,1191
2141,031779,A,191.41,120,1181
2141,031779,B,196.57,43,413
2141,031779,C,16.65,173,1861
2141,080212,B,0.01,126,1274
2141,080212,C,24.32,9,94
2142,003480,B,11.44,182,1950
2142,003480,D,86.68,13,112
2142,020109,A,181.45,194,1904
2142,020109,B,228.40,83,799
2142,020109,D,9.58,13,140
2142,031779,B,208.97,164,1423
2142,031779,C,199.35,87,840
2143,003480,C,228.14,97,867
2143,003480,D,176.77,185,1602
2143,020109,C,283.23,100,867
2143,031779,A,196.14,190,1999
2143,031779,B,119.73,35,354
2143,080212,B,202.32,132,1347
2143,080212,C,244.10,78,667
2154,003480,B,26.35,65,644
2154,003480,D,27.32,65,578
2154,01611,A,155.18,20,210
2154,01611,C,41.64,56,522
2154,020109,B,144.11,75,667
2154,020109,C,54.39,47,505
2165,01611,B,261.28,200,1711
2165,020109,B,199.10,119,1018
2165,020109,C,150.34,77,662
2165,020109,D,13.29,2,20
2165,031779,B,18.22,129,1144
2165,031779,C,56.28,22,227
2165,080212,A,151.22,74,626
2165,080212,D,78.27,53,505
2167,01611,A,93.47,13,130
2167,01611,B,240.28,58,557
2167,01611,D,248.71,186,2000
2167,031779,C,223.03,156,1504
2167,031779,D,271.33,39,404
2167,080212,B,126.97,63,665
2167,080212,C,13.35,119,1175
2167,080212,D,182.00,101,1073
2176,003480,B,62.23,51,497
2176,01611,A,278.39,179,1596
2176,01611,C,129.10,187,1585
2176,020109,C,267.92,68,604
2176,020109,D,180.87,113,1129
2176,031779,A,159.33,160,1612
2176,031779,C,294.39,40,404
2185,003480,C,340.35,136,1237
2185,01611,A,96.20,149,1562
2185,01611,B,183.79,198,1854
2185,01611,C,361.10,188,1589
2185,080212,D,70.36,178,1639
2193,003480,C,154.55,163,1665
2193,003480,D,276.31,52,454
2193,01611,B,353.30,130,1260
2193,020109,A,296.84,47,460
2193,031779,A,253.79,156,1665
2193,031779,B,61.55,63,534
2193,080212,A,351.66,44,385
2194,003480,C,201.02,166,1543
2194,003480,D,282.41,144,1232
2194,01611,B,250.89,51,503
2194,01611,C,364.83,162,1723
2194,020109,A,234.31,58,538
2194,020109,C,224.58,25,262
2197,003480,A,150.27,64,577
2197,003480,B,296.85,195,1862
2197,003480,C,203.59,24,238
2197,003480,D,19.23,123,1162
2197,031779,C,52.09,42,436
2197,031779,D,316.87,184,1666
2197,080212,B,367.50,170,1783
2198,003480,B,326.51,128,1238
2198,01611,C,179.89,72,706
2198,020109,A,153.69,125,1343
2198,020109,C,48.59,185,1943
2198,031779,B,359.82,196,1891
2198,031779,C,72.56,170,1682
2198,080212,C,229.86,91,786
2230,003480,A,80.02,194,1982
2230,01611,B,38.29,194,1978
2230,01611,D,265.90,134,1366
2230,020109,B,46.97,85,834
2230,031779,B,62.65,37,384
2232,003480,A,34.90,147,1337
2232,003480,B,380.30,5,44
2232,003480,C,157.37,107,1139
2232,003480,D,19.78,145,1397
2232,01611,B,271.64,174,1682
2232,01611,D,278.67,37,370
2232,020109,A,146.74,23,229
2232,031779,A,73.55,146,1322
2232,031779,C,313.09,132,1365
2232,080212,A,53.12,124,1259
2232,080212,C,360.01,122,1062
2232,080212,D,101.35,140,1317
2249,003480,A,344.37,91,823
2249,003480,C,28.77,166,1605
2249,003480,D,486.44,22,208
2249,01611,B,44.72,177,1491
2249,01611,C,330.09,155,1565
2249,020109,A,450.50,189,1937
2249,020109,C,417.84,55,511
2251,003480,B,3.82,155,1502
2251,003480,C,259.47,65,548
2251,01611,B,309.33,6,63
2251,01611,C,55.23,118,1164
2251,020109,B,108.47,183,1683
2251,031779,B,293.74,7,59
2251,080212,A,342.40,122,1103
2253,003480,C,267.04,178,1784
2253,01611,A,329.14,169,1788
2253,020109,C,249.43,159,1460
2253,020109,D,43.62,67,585
2253,031779,B,414.67,166,1535
2253,031779,C,246.55,153,1418
2253,031779,D,373.90,144,1373
2256,003480,C,326.20,111,1151
2256,020109,A,454.28,112,1122
2256,020109,C,192.46,75,646
2256,020109,D,444.35,140,1313
2256,080212,B,384.96,185,1692
2264,003480,B,114.77,63,617
2264,003480,D,195.01,161,1642
2264,031779,C,417.59,127,1075
2264,080212,B,114.67,50,489
2283,003480,C,231.21,19,182
2283,003480,D,484.50,19,180
2283,020109,B,303.11,133,1419
2283,031779,A,564.45,129,1160
2283,031779,C,502.07,34,330
2283,080212,B,193.79,12,101
2283,080212,C,378.88,80,719
2294,003480,B,10.13,7,69
2294,01611,C,426.76,144,1331
2294,031779,B,535.88,141,1265
2294,031779,D,428.39,101,868
2294,080212,A,56.05,187,1687
2294,080212,B,61.03,178,1565
2294,080212,C,455.54,14,126
2306,01611,A,27.10,160,1689
2306,01611,B,173.66,186,1950
2306,01611,C,237.47,132,1142
2306,020109,A,104.55,176,1822
2306,020109,B,543.64,42,431
2306,020109,C,486.80,117,1031
2306,020109,D,392.02,164,1631
2311,003480,A,425.11,83,712
2311,01611,B,36.31,25,269
2311,01611,C,181.83,99,860
2311,031779,A,444.37,58,567
2311,031779,B,606.37,58,604
2311,080212,A,293.89,174,1781
2311,080212,C,614.40,148,1299
2315,003480,A,296.67,7,74
2315,003480,D,38.21,12,103
2315,01611,A,67.96,18,186
2315,01611,B,516.24,178,1607
2315,01611,D,379.11,16,161
2315,020109,A,421.76,143,1447
2315,020109,B,309.71,66,568
2315,020109,C,15.91,170,1677
2315,031779,C,401.65,57,530
2315,080212,C,523.27,106,1029
2315,080212,D,153.35,180,1883
2320,003480,C,275.21,65,552
2320,01611,B,596.97,56,590
2320,020109,A,609.23,0,0
2320,020109,B,269.87,129,1107
2320,020109,D,403.58,62,653
2320,031779,B,414.53,39,416
2320,080212,B,287.73,51,500
2325,003480,A,291.49,121,1293
2325,003480,B,563.31,126,1283
2325,003480,C,204.12,6,62
2325,003480,D,275.76,0,0
2325,01611,C,521.93,110,1155
2325,020109,B,438.67,170,1729
2325,020109,C,64.00,115,1023
2325,031779,A,40.51,122,1110
2325,031779,D,633.48,123,1185
2325,080212,C,447.79,116,1236
2325,080212,D,126.70,45,394
2331,003480,A,121.83,177,1604
2331,003480,C,156.25,59,511
2331,01611,A,505.53,94,1005
2331,01611,B,571.35,22,222
2331,01611,D,396.99,48,418
2331,020109,A,150.98,76,641
2331,080212,C,136.53,111,999
2332,003480,A,114.45,30,282
2332,003480,B,448.21,46,430
2332,01611,A,179.09,87,872
2332,020109,C,151.04,97,955
2332,031779,A,157.75,194,2055
2332,080212,B,456.93,199,2089
2332,080212,C,82.45,21,204
2334,003480,A,99.89,2,21
2334,003480,B,566.76,12,121
2334,003480,C,343.64,184,1687
2334,003480,D,437.27,99,1059
2334,01611,A,31.09,173,1745
2334,01611,B,16.86,127,1087
2334,020109,A,482.02,129,1262
2334,020109,C,588.56,194,1998
2334,031779,A,536.90,102,1076
2334,080212,A,375.35,191,1715
2334,080212,B,617.65,125,1296
2339,01611,B,178.43,127,1207
2339,01611,C,192.87,200,2027
2339,020109,B,502.30,158,1341
2339,031779,A,23.73,147,1330
2339,031779,C,64.24,47,410
2339,031779,D,452.92,156,1595
2339,080212,A,323.85,110,985
2339,080212,B,71.67,107,938
2339,080212,C,321.68,88,781
2339,080212,D,109.18,156,1416
2340,003480,C,628.28,158,1701
2340,01611,A,54.68,47,481
2340,020109,B,584.86,3,28
2340,031779,B,510.50,12,118
2340,031779,C,232.49,196,1762
2340,080212,A,372.32,41,376
2340,080212,D,19.46,103,1028
2342,003480,C,385.11,40,402
2342,01611,A,396.25,19,202
2342,031779,A,492.80,192,1692
2342,031779,B,198.79,153,1638
2342,031779,C,564.24,175,1819
2342,031779,D,173.32,134,1197
2342,080212,C,11.44,167,1754
2355,003480,C,72.97,79,776
2355,003480,D,209.51,31,265
2355,01611,A,374.32,9,87
2355,020109,A,669.54,64,572
2355,020109,B,138.32,135,1155
2355,020109,D,413.97,167,1708
2355,031779,B,560.29,81,810
2366,003480,B,312.72,152,1342
2366,01611,B,157.17,66,569
2366,031779,C,700.61,101,995
2366,080212,B,290.89,150,1548
2370,003480,B,573.33,176,1723
2370,003480,D,234.90,87,749
2370,01611,D,478.35,12,113
2370,020109,A,91.40,90,933
2370,020109,B,51.83,196,1996
2370,020109,C,76.58,120,1250
2370,020109,D,281.91,191,1935
2370,031779,C,196.42,185,1629
2370,080212,A,14.35,44,395
2370,080212,C,137.97,143,1403
2371,003480,C,694.18,20,215
2371,003480,D,162.36,70,684
2371,01611,C,582.09,75,750
2371,020109,A,283.14,98,1022
2371,020109,B,143.65,181,1778
2371,020109,C,384.97,198,1795
2371,020109,D,97.54,79,803
2371,031779,A,669.80,79,690
2371,031779,C,704.71,100,933
2371,031779,D,650.71,70,693
2371,080212,A,340.42,144,1502
2371,080212,B,127.92,6,61
2380,003480,B,69.39,111,1191
2380,01611,B,162.62,83,860
2380,020109,B,318.85,102,1084
2380,020109,C,39.15,36,379
2380,020109,D,445.25,199,1732
2380,031779,A,686.19,14,150
2381,01611,C,175.45,118,1274
2381,020109,A,453.09,153,1365
2381,020109,B,352.26,100,991
2381,031779,B,645.91,186,1706
2381,080212,A,729.24,199,2130
2381,080212,B,532.25,13,128
2381,080212,C,47.58,6,53
2383,003480,A,33.52,22,187
2383,003480,C,759.71,125,1139
2383,020109,B,104.76,83,738
2383,031779,A,267.26,87,939
2383,031779,B,30.45,200,1709
2383,031779,C,217.96,56,486
2383,080212,C,338.26,132,1400
2387,003480,A,453.92,2,21
2387,003480,C,366.44,56,479
2387,003480,D,648.53,177,1578
2387,031779,A,27.64,17,164
2387,031779,C,586.24,12,119
2387,080212,A,465.59,158,1488
2403,01611,B,708.70,94,940
2403,01611,D,498.62,129,1208
2403,020109,B,85.55,155,1567
2403,031779,C,620.18,83,703
2403,080212,A,213.05,89,763
2403,080212,B,746.10,27,267
2403,080212,C,629.81,54,560
2403,080212,D,82.30,107,960
2404,003480,A,611.00,166,1508
2404,003480,D,68.32,172,1697
2404,01611,C,444.70,92,966
2404,020109,A,465.14,136,1381
2404,020109,B,536.16,176,1840
2404,020109,D,124.64,108,912
2404,080212,A,592.37,15,152
2406,003480,A,324.89,92,851
2406,003480,B,34.82,178,1785
2406,003480,D,622.19,187,1881
2406,020109,A,365.35,65,603
2406,031779,A,15.01,2,20
2406,031779,C,544.12,158,1352
2406,080212,A,464.91,131,1138
2407,003480,B,201.14,147,1478
2407,003480,C,174.18,180,1676
2407,01611,C,417.00,37,397
2407,020109,A,171.54,89,807
2407,031779,B,511.55,70,719
2407,080212,C,44.57,161,1551
2407,080212,D,553.38,190,1798
2413,003480,B,340.33,176,1722
2413,01611,B,777.92,115,1047
2413,01611,C,510.57,64,579
2413,020109,A,493.82,200,1909
2413,031779,A,498.18,129,1231
2413,080212,A,298.35,105,988
2413,080212,C,530.74,132,1150
2413,080212,D,403.34,58,607
2417,003480,A,158.22,179,1795
2417,003480,C,581.83,180,1770
2417,01611,B,482.53,72,607
2417,01611,C,685.04,116,1211
2417,01611,D,437.37,111,1168
2417,020109,C,821.26,102,1010
2417,020109,D,820.32,191,1967
2417,031779,C,537.18,127,1175
2417,080212,B,439.56,98,1034
2417,080212,C,579.54,141,1500
2417,080212,D,259.23,150,1587
2420,003480,A,795.29,158,1528
2420,003480,B,547.13,46,445
2420,003480,C,363.88,22,215
2420,01611,C,12.61,168,1574
2420,01611,D,790.75,29,264
2420,020109,A,20.33,186,1659
2420,020109,B,651.29,91,864
2420,031779,C,299.71,44,430
2420,080212,A,26.49,199,1955
2420,080212,B,670.42,81,788
2423,003480,B,573.50,62,619
2423,01611,A,305.93,95,944
2423,01611,B,558.72,17,168
2423,01611,C,94.11,0,0
2423,031779,B,724.37,147,1439
2423,031779,C,439.36,136,1444
2423,080212,A,37.67,182,1643
2431,003480,A,3.44,47,455
2431,01611,A,540.01,106,1035
2431,01611,C,339.65,91,826
2431,020109,B,443.06,59,600
2431,031779,A,464.10,36,338
2431,031779,B,851.22,190,1606
2431,031779,C,307.26,193,1869
2431,031779,D,205.50,163,1472
2432,003480,B,668.18,131,1394
2432,020109,A,533.13,106,923
2432,020109,D,649.50,176,1540
2432,031779,A,77.46,75,732
2432,080212,B,3.45,171,1799
2435,01611,B,310.71,81,812
2435,020109,A,831.39,190,1817
2435,020109,B,800.64,21,208
2435,031779,C,424.30,197,1876
2435,080212,B,679.29,108,1077
2435,080212,C,573.50,101,849
2435,080212,D,242.54,14,137
2442,003480,B,841.97,198,1754
2442,003480,C,416.67,33,325
2442,003480,D,733.03,10,108
2442,01611,B,733.93,12,109
2442,020109,A,404.35,79,682
2442,031779,B,721.37,174,1491
2442,080212,C,216.30,183,1603
2443,003480,C,403.78,19,174
2443,003480,D,655.30,41,364
2443,01611,A,759.05,125,1256
2443,01611,B,10.01,176,1505
2443,01611,C,67.28,170,1688
2443,020109,B,739.50,60,614
2443,031779,A,602.52,166,1414
2459,01611,B,684.49,34,323
2459,01611,D,680.30,78,661
2459,020109,A,443.11,186,1723
2459,020109,C,49.71,43,386
2459,031779,B,725.98,46,467
2459,031779,C,658.37,116,1111
2459,080212,C,780.78,149,1554
2459,080212,D,157.87,11,103
2460,01611,C,387.32,37,314
2460,020109,A,93.97,106,956
2460,020109,B,677.51,5,49
2460,031779,B,342.84,112,948
2460,080212,A,2.14,85,799
2460,080212,B,52.78,28,258
2460,080212,C,645.55,198,1937
2462,003480,A,290.85,114,1208
2462,01611,A,851.96,97,922
2462,01611,C,25.24,97,933
2462,01611,D,415.87,76,652
2462,020109,A,783.26,123,1236
2462,031779,C,746.85,177,1532
2462,080212,B,774.17,110,1132
2465,003480,A,117.40,164,1463
2465,01611,B,495.52,55,540
2465,01611,C,239.14,15,135
2465,01611,D,519.05,138,1306
2465,020109,C,727.39,172,1591
2465,031779,A,712.23,71,597
2465,031779,C,239.94,17,151
2467,003480,B,155.70,64,683
2467,003480,C,890.63,30,314
2467,01611,B,623.80,160,1617
2467,020109,A,296.10,0,0
2467,020109,B,20.42,35,324
2467,031779,B,524.98,186,1993
2467,031779,D,247.04,31,267
2467,080212,B,266.10,23,194
2467,080212,C,159.92,175,1645
2472,003480,A,721.54,194,1787
2472,01611,B,508.00,92,810
2472,01611,C,230.70,74,644
2472,01611,D,683.63,87,821
2472,080212,A,562.57,72,667
2472,080212,B,281.82,158,1676
2473,01611,B,91.96,32,269
2473,020109,C,230.60,184,1686
2473,031779,B,298.35,157,1319
2473,080212,A,242.57,153,1436
2473,080212,B,849.46,47,449
2473,080212,C,653.47,152,1340
2473,080212,D,731.47,24,206
2474,003480,B,470.61,91,881
2474,003480,C,942.35,9,84
2474,01611,C,336.55,17,143
2474,020109,A,484.00,15,138
2474,020109,C,522.63,138,1307
2474,031779,B,281.26,102,927
2474,080212,A,240.96,129,1328
2476,003480,C,643.12,138,1314
2476,003480,D,630.21,132,1154
2476,01611,B,915.35,99,955
2476,020109,A,767.61,104,1023
2476,031779,B,833.80,19,183
2476,080212,A,131.85,134,1280
2476,080212,C,642.14,62,612
2477,003480,A,116.12,20,195
2477,003480,B,333.85,3,31
2477,003480,C,611.90,51,547
2477,003480,D,720.80,123,1269
2477,031779,A,653.40,36,378
2477,031779,B,763.98,198,1969
2477,031779,C,534.85,16,161
2478,003480,A,571.46,154,1481
2478,003480,B,751.64,174,1859
2478,01611,B,289.74,88,885
2478,01611,D,436.27,166,1682
2478,031779,B,684.43,190,1995
2479,01611,B,805.13,135,1182
2479,01611,C,172.38,73,718
2479,020109,C,525.10,187,1834
2479,020109,D,6.44,1,10
2479,031779,A,927.63,184,1568
2479,031779,B,37.23,135,1279
2479,031779,C,87.35,108,1059
2479,080212,B,60.35,37,398
2492,003480,B,226.78,13,129
2492,003480,C,682.58,71,609
2492,020109,A,874.81,24,250
2492,020109,B,138.01,34,319
2492,020109,D,567.96,59,575
2492,031779,B,7.42,145,1394
2492,031779,C,317.11,152,1503
2492,080212,A,555.40,101,962
2499,003480,A,115.46,49,438
2499,01611,C,795.78,69,688
2499,020109,A,865.95,179,1520
2499,031779,A,651.34,106,1124
2499,031779,D,301.74,43,445
2499,080212,A,647.26,143,1375
2499,080212,C,371.34,125,1325
2500,003480,B,293.52,166,1789
2500,01611,A,75.19,139,1219
2500,01611,B,501.78,98,1055
2500,020109,A,341.20,175,1492
2500,031779,B,492.64,116,978
2500,080212,B,54.08,169,1818
2500,080212,C,743.81,188,1924
2503,003480,A,655.16,77,648
2503,003480,C,701.33,90,835
2503,003480,D,584.06,178,1500
2503,01611,B,112.41,96,828
2503,020109,B,106.59,37,312
2503,080212,A,996.41,165,1423
2503,080212,C,335.85,23,246
2507,01611,A,651.64,59,589
2507,01611,C,169.17,28,242
2507,01611,D,920.61,14,148
2507,031779,B,599.33,177,1765
2507,031779,C,939.84,104,1064
2507,031779,D,679.70,183,1903
2507,080212,B,960.08,153,1532
2507,080212,C,931.78,67,643
2515,003480,A,779.37,168,1488
2515,01611,A,324.29,147,1344
2515,01611,B,179.15,193,2049
2515,01611,D,108.32,177,1524
2515,020109,A,618.31,133,1381
2515,020109,B,10.99,190,1981
2515,020109,C,188.84,92,982
2515,020109,D,764.42,12,121
2515,031779,B,757.31,102,956
2515,080212,A,900.89,168,1536
2515,080212,C,514.36,167,1696
2523,003480,A,214.58,86,760
2523,003480,B,562.35,12,119
2523,003480,D,148.67,31,326
2523,01611,C,261.83,49,430
2523,020109,B,1024.94,46,456
2523,031779,A,741.00,50,452
2523,031779,C,289.77,45,378
2523,031779,D,918.09,92,869
2523,080212,D,588.75,77,647
2533,003480,A,626.21,41,408
2533,003480,B,496.77,162,1683
2533,020109,B,34.26,54,498
2533,031779,B,343.16,18,189
2537,003480,A,790.42,195,1916
2537,020109,A,138.20,160,1610
2537,031779,B,730.87,181,1571
2537,031779,D,818.61,47,407
2537,080212,B,575.80,129,1245
2537,080212,D,768.87,191,1835
2538,003480,A,986.34,105,1070
2538,003480,B,16.98,13,120
2538,003480,C,632.37,59,557
2538,01611,B,413.32,80,679
2538,020109,A,851.09,135,1318
2538,031779,A,972.08,143,1424
2538,080212,B,525.56,170,1561
2539,01611,A,448.65,9,96
2539,01611,B,976.81,75,796
2539,020109,A,160.55,177,1790
2539,020109,B,844.90,179,1663
2539,020109,C,379.06,140,1415
2539,031779,C,957.45,181,1723
2539,080212,A,745.43,41,405
2552,003480,B,203.28,104,1110
2552,003480,C,510.60,164,1764
2552,003480,D,1066.88,69,610
2552,01611,A,158.61,11,99
2552,01611,C,809.39,149,1388
2552,020109,B,632.11,170,1631
2552,020109,C,533.75,157,1358
2554,003480,A,697.06,57,586
2554,003480,C,960.16,195,2014
2554,003480,D,1041.41,126,1144
2554,020109,B,35.76,70,739
2554,020109,C,326.13,71,635
2554,080212,B,846.16,68,694
2561,003480,A,882.89,149,1324
2561,003480,B,439.91,120,1071
2561,003480,C,432.86,195,2000
2561,01611,B,289.43,90,926
2561,080212,B,371.76,197,1786
2561,080212,D,473.77,187,1888
2565,003480,B,755.25,123,1282
2565,020109,B,504.18,51,478
2565,020109,D,469.59,51,453
2565,031779,A,851.02,129,1206
2565,080212,B,772.56,191,2046
2565,080212,D,621.99,136,1144
2575,003480,C,284.79,32,316
2575,01611,A,1075.88,151,1617
2575,01611,B,1130.69,162,1637
2575,020109,C,551.92,69,716
2575,031779,A,106.80,110,1133
2575,080212,A,1034.28,123,1177
2575,080212,C,1044.77,171,1823
2576,01611,A,1145.72,107,972
2576,01611,B,905.79,79,672
2576,01611,C,57.56,143,1410
2576,01611,D,34.50,119,1267
2576,020109,A,600.48,132,1392
2576,020109,C,100.95,120,1044
2576,020109,D,415.27,188,1778
2576,031779,A,357.49,49,499
2576,031779,C,67.54,153,1357
2576,080212,A,108.95,33,279
2576,080212,B,321.29,54,556
2576,080212,C,319.73,161,1570
2577,003480,A,321.13,93,849
2577,01611,A,949.07,129,1177
2577,020109,B,62.36,48,449
2577,031779,A,123.65,60,589
2577,031779,C,587.07,96,817
2577,031779,D,637.65,50,514
2577,080212,B,335.19,191,1986
2580,003480,A,627.92,86,806
2580,003480,B,1030.63,119,1260
2580,01611,B,989.83,147,1490
2580,01611,C,305.83,46,392
2580,020109,A,81.87,2,20
2580,020109,D,212.86,130,1368
2580,031779,C,1159.94,31,287
2580,080212,B,857.33,72,744
2580,080212,C,1118.17,114,1113
2580,080212,D,934.51,44,409
2583,003480,D,685.85,26,277
2583,01611,B,313.41,12,117
2583,01611,C,999.89,42,357
2583,020109,B,835.40,147,1491
2583,080212,A,163.21,191,1989
2587,003480,A,122.25,73,684
2587,003480,B,252.18,87,739
2587,031779,B,430.05,170,1636
2587,031779,C,856.59,173,1732
2587,080212,A,44.91,10,91
2587,080212,D,150.14,180,1834
2589,01611,A,205.46,20,193
2589,01611,C,1025.74,77,750
2589,020109,B,954.93,181,1787
2589,031779,A,166.20,64,634
2589,031779,B,122.73,133,1175
2589,080212,A,484.74,144,1361
2589,080212,D,80.37,190,1660
2591,003480,C,1097.27,60,522
2591,003480,D,869.93,137,1230
2591,01611,B,583.75,93,828
2591,020109,A,3.85,117,1198
2591,020109,C,136.60,114,1172
2591,031779,A,255.63,78,680
2591,080212,A,472.24,173,1571
2591,080212,B,239.19,151,1291
2596,01611,A,789.81,143,1424
2596,01611,B,649.23,76,810
2596,020109,A,777.74,16,142
2596,031779,A,352.94,22,209
2596,031779,B,585.33,167,1480
2596,031779,C,629.79,67,660
2596,080212,C,1042.98,100,1069
2618,003480,A,1214.52,89,956
2618,003480,B,315.87,40,349
2618,003480,D,309.05,104,904
2618,01611,A,177.81,37,317
2618,01611,B,646.30,189,2003
2618,020109,A,1190.59,41,441
2618,080212,C,383.29,118,1179
2619,003480,C,1077.00,5,50
2619,003480,D,651.01,186,1736
2619,01611,B,437.06,112,1101
2619,020109,B,304.52,133,1359
2619,020109,C,204.66,160,1599
2619,031779,B,53.58,181,1659
2619,080212,A,642.04,126,1275
2628,003480,B,301.15,11,114
2628,003480,C,820.66,30,314
2628,01611,A,548.96,175,1748
2628,01611,B,768.41,95,993
2628,01611,D,594.88,185,1750
2628,020109,A,869.90,98,966
2628,031779,B,917.54,188,1930
2628,031779,C,951.07,1,10
2628,080212,B,867.13,119,1263
2628,080212,C,875.89,74,654
2629,003480,A,54.98,117,1162
2629,01611,B,1025.67,150,1265
2629,020109,A,1226.18,192,1894
2629,020109,C,986.57,42,411
2629,031779,A,112.06,102,887
2629,031779,D,579.60,32,273
2629,080212,C,922.75,163,1616
2633,003480,A,530.02,163,1752
2633,003480,B,318.97,134,1173
2633,003480,C,693.18,199,1840
2633,01611,C,451.91,143,1414
2633,020109,A,73.09,191,1997
2633,080212,A,974.65,156,1406
2633,080212,C,734.66,48,439
2638,003480,B,358.01,144,1358
2638,003480,C,291.74,17,158
2638,003480,D,755.77,110,1144
2638,020109,C,720.22,56,597
2638,031779,A,1004.67,107,1001
2638,031779,B,786.48,95,907
2638,031779,C,290.84,47,453
2644,003480,B,368.79,57,570
2644,003480,D,1255.26,123,1097
2644,01611,B,909.77,164,1708
2644,080212,C,1244.20,83,727
2646,003480,A,752.22,166,1718
2646,003480,B,268.10,46,476
2646,003480,D,1165.86,126,1177
2646,020109,B,89.44,18,170
2646,031779,A,264.21,171,1505
2646,031779,C,1217.55,39,410
2646,031779,D,1154.50,151,1450
2646,080212,A,857.41,118,1193
2651,003480,A,940.22,42,421
2651,003480,B,303.55,31,299
2651,003480,D,1153.65,83,751
2651,01611,A,368.82,123,1178
2651,031779,C,663.12,97,1017
2651,031779,D,852.43,71,702
2652,003480,A,127.13,112,1062
2652,003480,C,443.97,178,1655
2652,003480,D,758.64,116,1236
2652,01611,A,605.03,188,1661
2652,01611,B,9.88,180,1763
2652,01611,C,1295.24,33,308
2652,01611,D,1056.47,100,959
2652,020109,A,612.57,29,248
2652,020109,C,1255.43,119,1015
2652,031779,A,2.09,137,1422
2652,031779,C,636.42,88,931
2652,080212,A,1204.99,121,1220
2652,080212,C,577.18,172,1650
2652,080212,D,125.05,86,786
2653,003480,A,305.55,178,1530
2653,003480,C,945.07,47,501
2653,01611,A,1117.84,93,863
2653,01611,B,1196.18,78,698
2653,01611,C,423.32,140,1357
2653,01611,D,743.62,61,601
2653,080212,A,871.68,53,479
2653,080212,C,975.26,185,1854
2653,080212,D,584.59,118,1129
2657,003480,A,625.57,188,1791
2657,020109,B,1277.17,44,474
2657,020109,C,713.71,197,2069
2657,031779,B,901.06,152,1326
2657,080212,A,767.54,13,114
2657,080212,B,68.67,26,264
2657,080212,C,1256.79,30,302
2667,003480,A,1002.87,157,1455
2667,003480,B,152.65,162,1746
2667,003480,C,91.34,2,18
2667,003480,D,932.56,146,1511
2667,01611,A,192.39,48,489
2667,01611,B,278.12,181,1570
2667,01611,C,10.00,38,339
2667,020109,B,369.86,102,1071
2667,080212,B,1020.62,84,845
2667,080212,C,882.63,50,436
2667,080212,D,1201.16,106,1066
2670,003480,B,1312.83,196,1672
2670,01611,B,527.26,135,1422
2670,01611,D,870.85,94,995
2670,020109,B,1247.14,153,1373
2670,031779,A,10.35,22,209
2670,080212,B,38.61,200,2056
2670,080212,C,380.08,32,322
2683,003480,A,1099.84,90,923
2683,003480,B,863.18,146,1297
2683,003480,C,1149.65,110,1035
2683,020109,B,1075.11,84,800
2683,031779,A,738.59,10,106
2683,031779,C,641.09,140,1228
2683,031779,D,1173.15,75,688
2699,003480,B,1181.09,27,269
2699,01611,C,901.96,178,1731
2699,020109,C,1178.07,135,1270
2699,031779,C,337.50,192,2032
2699,031779,D,875.48,153,1506
2699,080212,A,274.25,6,55
2699,080212,D,1257.73,61,643
2705,003480,A,69.33,180,1525
2705,003480,C,296.11,161,1464
2705,01611,B,462.22,132,1260
2705,01611,C,552.77,77,795
2705,01611,D,902.79,128,1368
2705,031779,A,28.97,200,1769
2705,080212,B,282.29,174,1618
2707,003480,A,958.66,131,1342
2707,01611,B,184.94,8,76
2707,020109,B,338.95,82,696
2707,020109,C,161.63,56,567
2707,020109,D,1011.55,15,141
2707,031779,B,1400.35,169,1507
2707,080212,B,536.86,70,604
2708,003480,A,520.11,49,525
2708,003480,B,738.62,198,1963
2708,003480,C,409.17,12,109
2708,003480,D,674.32,9,83
2708,020109,B,562.26,16,170
2708,031779,B,1347.62,27,277
2711,003480,B,559.75,88,745
2711,003480,C,256.34,141,1337
2711,020109,A,141.80,33,339
2711,020109,C,42.06,49,519
2711,020109,D,710.95,89,893
2711,031779,B,39.78,17,163
2711,080212,A,816.46,146,1549
2718,003480,B,512.68,15,147
2718,01611,C,26.40,15,126
2718,020109,A,363.09,91,913
2718,020109,B,426.97,122,1196
2718,020109,C,1242.68,91,930
2718,031779,C,837.86,97,828
2718,080212,A,1023.20,174,1469
2726,003480,B,659.84,181,1760
2726,01611,B,952.22,178,1890
2726,01611,C,602.32,2,18
2726,020109,A,871.46,57,611
2726,020109,C,1246.39,129,1213
2726,020109,D,299.47,28,265
2726,031779,A,460.74,12,122
2728,003480,B,107.04,78,723
2728,020109,A,176.07,3,28
2728,020109,B,871.30,150,1535
2728,020109,D,665.36,12,107
2728,031779,A,586.20,36,316
2728,031779,C,279.62,137,1208
2728,080212,B,580.05,16,146
2741,01611,B,1057.54,121,1076
2741,01611,C,1247.08,127,1249
2741,020109,A,1218.04,48,495
2741,020109,C,317.40,110,1127
2741,031779,B,556.27,169,1655
2741,031779,D,959.75,45,476
2741,080212,B,814.57,153,1316
2745,003480,B,1299.36,53,553
2745,003480,C,1188.05,52,535
2745,003480,D,656.25,149,1310
2745,01611,B,60.15,153,1458
2745,020109,A,1450.87,110,1136
2745,020109,B,160.70,177,1695
2745,020109,C,23.39,171,1739
2745,020109,D,1409.69,117,1033
2745,031779,C,276.53,96,880
2745,080212,A,1442.40,97,991
2745,080212,B,617.16,88,943
2757,003480,B,1391.67,185,1760
2757,01611,B,19.76,94,873
2757,01611,C,293.12,65,594
2757,01611,D,414.33,114,1020
2757,080212,A,736.31,200,2004
2757,080212,C,761.90,178,1513
2766,003480,B,519.61,86,780
2766,003480,C,1133.51,136,1331
2766,003480,D,627.90,113,1124
2766,020109,B,1009.14,188,1914
2766,031779,A,538.02,69,618
2766,031779,B,817.44,18,156
2766,080212,B,1490.59,88,796
2774,01611,A,1106.84,177,1570
2774,020109,A,478.53,34,341
2774,031779,A,726.57,59,548
2774,080212,C,171.54,76,762
2776,003480,A,38.72,97,869
2776,01611,B,1254.78,153,1566
2776,020109,A,1143.69,56,561
2776,031779,B,1226.14,124,1331
2776,031779,C,1084.79,143,1352
2776,031779,D,1215.97,191,1742
2776,080212,B,1428.12,161,1450
2781,01611,A,124.49,116,1028
2781,01611,C,596.82,135,1218
2781,020109,A,583.74,197,2082
2781,020109,C,663.73,85,863
2781,031779,B,1489.25,156,1651
2781,031779,C,1442.46,86,894
2781,031779,D,1121.81,80,862
2781,080212,A,1542.42,165,1509
2786,003480,B,1534.78,4,36
2786,003480,C,556.36,121,1257
2786,01611,A,224.42,51,541
2786,01611,B,1001.15,198,1869
2786,01611,C,836.03,159,1598
2786,020109,B,1229.45,32,273
2786,031779,C,914.12,115,1225
2790,003480,B,1241.41,146,1269
2790,003480,C,1051.02,116,1041
2790,01611,B,953.67,194,1978
2790,01611,C,1535.15,67,589
2790,020109,A,1540.75,147,1290
2790,031779,A,1402.96,29,251
2790,080212,A,902.04,163,1729
2792,003480,C,291.31,82,862
2792,020109,A,1053.52,99,899
2792,020109,B,862.93,89,842
2792,031779,A,426.32,125,1072
2792,031779,C,219.71,188,1763
2792,031779,D,1493.62,26,223
2792,080212,B,979.16,7,69
2797,003480,B,1045.79,135,1234
2797,01611,B,967.95,179,1621
2797,01611,C,1082.73,166,1481
2797,01611,D,919.46,163,1669
2797,020109,C,977.11,173,1654
2797,020109,D,40.68,149,1265
2800,003480,A,526.81,18,172
2800,003480,B,1498.59,40,397
2800,01611,B,118.93,4,43
2800,020109,A,1477.56,177,1640
2800,020109,B,678.23,111,1096
2800,031779,B,1591.77,63,566
2800,031779,D,1223.15,63,605
2803,003480,A,1229.31,19,170
2803,003480,B,1038.05,198,1992
2803,031779,A,1340.92,160,1531
2803,031779,C,11.42,28,256
2803,080212,B,393.54,113,1085
2803,080212,C,22.31,89,768
2803,080212,D,1320.55,28,250
2806,01611,A,275.27,1,9
2806,020109,A,1483.87,136,1225
2806,020109,C,49.98,146,1524
2806,020109,D,944.41,136,1459
2806,031779,B,1041.21,165,1518
2806,031779,C,1287.00,21,189
2806,080212,B,821.26,108,1017
2808,003480,B,7.98,26,264
2808,003480,D,711.49,172,1455
2808,01611,B,376.43,160,1409
2808,031779,A,146.93,191,1912
2808,031779,B,671.26,134,1353
2808,031779,D,1438.15,17,149
2808,080212,C,984.53,54,459
2809,003480,C,1489.46,72,715
2809,01611,A,52.80,185,1792
2809,01611,B,1152.21,126,1079
2809,020109,B,664.80,56,587
2809,020109,D,1440.29,165,1753
2823,003480,A,1383.06,80,713
2823,003480,B,806.56,64,664
2823,01611,B,913.08,55,495
2823,01611,C,618.32,138,1191
2823,031779,A,451.84,200,2150
2823,031779,C,1058.89,98,841
2823,031779,D,612.13,159,1529
2830,003480,B,322.89,177,1616
2830,003480,C,1326.31,114,1138
2830,020109,C,536.79,124,1162
2830,020109,D,1254.49,48,465
2830,031779,B,194.23,63,658
2830,031779,C,1038.69,31,285
2832,003480,A,898.50,158,1520
2832,003480,C,729.47,194,1670
2832,01611,B,48.67,76,739
2832,01611,C,1139.06,81,775
2832,01611,D,1024.15,98,860
2832,020109,A,1209.22,151,1375
2832,031779,C,1356.41,172,1716
2834,01611,A,1603.65,82,875
2834,01611,B,774.29,83,827
2834,01611,D,551.48,87,909
2834,020109,A,657.47,59,575
2834,020109,C,1566.59,68,684
2834,080212,A,1150.77,64,599
2839,003480,B,494.73,72,653
2839,01611,A,859.43,77,672
2839,01611,C,769.18,37,354
2839,01611,D,1046.35,12,123
2839,020109,B,1027.69,102,882
2839,020109,C,239.22,193,1817
2839,031779,A,1585.65,146,1228
2839,080212,A,1432.29,43,430
2847,003480,C,149.20,56,551
2847,031779,A,1400.54,73,721
2847,031779,B,828.02,200,1864
2847,080212,B,260.08,17,159
2850,003480,B,807.96,18,167
2850,003480,C,605.70,5,48
2850,003480,D,1435.76,93,865
2850,01611,B,561.65,85,901
2850,01611,C,1154.77,144,1368
2850,020109,A,62.69,132,1414
2850,020109,B,736.44,193,2047
2850,020109,C,106.32,172,1850
2850,020109,D,1292.12,173,1739
2850,031779,A,784.24,82,730
2850,031779,B,1359.18,109,1069
2850,031779,C,636.98,100,840
2850,080212,B,469.26,146,1260
2850,080212,C,141.16,148,1506
2854,003480,A,1584.79,14,139
2854,020109,B,1253.93,49,433
2854,020109,C,201.31,23,196
2854,031779,A,1242.84,119,1170
2854,031779,B,851.40,36,382
2854,031779,D,1497.44,92,880
2854,080212,B,1491.22,128,1135
2863,003480,A,1199.92,104,1016
2863,003480,D,680.91,47,395
2863,01611,B,1082.74,4,39
2863,01611,C,53.68,155,1569
2863,020109,B,1572.28,42,377
2863,031779,A,1078.85,27,280
2863,080212,C,161.68,62,649
2865,003480,A,1080.49,131,1258
2865,003480,B,498.08,131,1331
2865,003480,C,1673.95,18,156
2865,003480,D,1004.16,60,567
2865,01611,B,1569.73,148,1584
2865,020109,C,950.89,67,580
2865,031779,C,348.20,160,1566
2865,080212,B,31.48,173,1517
2865,080212,D,51.47,43,436
2866,01611,B,972.11,75,773
2866,01611,C,1179.21,61,597
2866,080212,A,1247.59,6,57
2866,080212,C,1058.37,23,234
2877,01611,A,939.09,45,480
2877,020109,B,38.20,118,1225
2877,020109,C,177.35,5,42
2877,031779,B,528.53,134,1307
2877,031779,C,1174.85,69,615
2877,080212,A,1615.79,187,1971
2877,080212,D,668.54,125,1173
2882,003480,A,166.43,101,1016
2882,003480,B,1284.04,194,1796
2882,003480,C,281.10,42,403
2882,01611,A,524.82,49,515
2882,020109,A,1733.97,186,1582
2882,020109,B,1698.01,147,1474
2882,031779,A,1082.31,63,582
2882,031779,C,1726.18,59,529
2882,031779,D,287.69,28,273
2882,080212,A,588.96,51,433
2882,080212,B,1739.53,163,1718
2882,080212,C,937.09,120,1293
2892,003480,A,443.70,41,388
2892,003480,B,1605.86,85,819
2892,01611,A,73.95,135,1263
2892,01611,D,1715.27,160,1466
2892,020109,A,46.99,29,285
2892,020109,B,224.89,89,893
2892,031779,C,1298.22,127,1198
2896,003480,B,267.07,26,229
2896,003480,D,1268.54,78,810
2896,020109,A,1507.66,191,1759
2896,020109,C,97.12,136,1263
2896,031779,C,1428.48,197,1989
2896,031779,D,1232.69,196,2053
2896,080212,A,501.58,113,1147
2899,003480,C,857.19,30,298
2899,003480,D,1451.23,188,1744
2899,01611,A,19.15,24,220
2899,031779,B,910.03,54,463
2899,031779,C,726.99,60,624
2899,080212,B,1368.17,91,849
2900,003480,C,179.11,37,392
2900,003480,D,1404.24,110,970
2900,01611,B,1378.99,29,266
2900,01611,C,223.68,3,26
2900,020109,C,626.21,108,917
2900,080212,A,993.75,12,115
2900,080212,C,1708.31,168,1710
2915,003480,B,467.18,58,571
2915,01611,B,550.24,119,1048
2915,01611,D,808.91,181,1910
2915,020109,C,1132.55,178,1541
2915,031779,C,1169.28,148,1535
2915,080212,A,631.50,93,960
2915,080212,C,241.79,103,1079
2922,003480,A,1543.35,134,1357
2922,003480,B,1376.91,24,233
2922,01611,A,619.80,106,978
2922,01611,C,679.45,181,1558
2922,020109,A,1597.89,74,789
2922,020109,D,934.82,121,1216
2922,031779,B,1248.25,200,2103
2922,031779,C,1061.12,47,426
2922,031779,D,717.24,6,55
2922,080212,A,532.88,100,989
2922,080212,C,40.76,144,1249
2922,080212,D,475.57,148,1308
2928,003480,B,720.21,100,966
2928,003480,C,152.28,140,1467
2928,01611,C,761.76,41,365
2928,031779,B,25.91,109,1159
2928,031779,C,479.63,55,533
2928,080212,A,151.52,182,1897
2928,080212,C,325.80,5,46
2942,003480,A,1029.82,72,700
2942,003480,B,1792.72,177,1547
2942,003480,D,64.22,124,1316
2942,01611,B,309.34,145,1288
2942,020109,B,115.47,192,1748
2942,031779,A,838.11,119,1052
2942,031779,C,1071.79,163,1376
2942,080212,B,893.48,85,872
2942,080212,C,875.81,73,676
2942,080212,D,1122.57,63,589
2944,003480,B,1266.57,142,1302
2944,003480,C,1118.38,16,145
2944,031779,B,1712.99,196,1745
2944,080212,C,1771.91,27,270
2944,080212,D,1720.36,51,479
2945,003480,B,1134.87,194,1968
2945,003480,C,113.26,31,306
2945,01611,A,465.07,153,1399
2945,01611,B,661.77,90,966
2945,01611,D,1329.87,53,551
2945,031779,A,1104.10,95,854
2945,031779,B,1241.35,94,858
2952,003480,A,1148.66,80,741
2952,01611,A,1723.27,140,1196
2952,01611,B,99.71,154,1590
2952,01611,C,1398.96,159,1657
2952,01611,D,1585.40,63,569
2952,020109,B,1382.86,72,633
2952,031779,B,1801.43,199,2049
2952,080212,B,1703.44,32,335
2952,080212,C,614.26,83,736
2957,003480,B,775.61,166,1654
2957,003480,C,481.85,46,436
2957,01611,A,238.83,11,105
2957,01611,B,714.64,35,354
2957,01611,C,708.35,118,1079
2957,020109,A,34.45,60,584
2957,031779,A,1416.88,64,619
2957,080212,B,1182.27,188,1598
2960,020109,C,676.59,35,328
2960,031779,B,1004.63,90,868
2960,031779,C,11.43,67,657
2960,080212,A,1165.50,5,53
2960,080212,B,109.24,45,469
2960,080212,C,704.94,144,1398
2960,080212,D,12.55,130,1223
2963,003480,A,1712.23,192,1824
2963,01611,A,1865.40,197,1863
2963,020109,B,1123.30,34,308
2963,020109,C,672.02,59,615
2963,031779,A,272.65,48,516
2963,031779,B,630.20,128,1162
2963,031779,C,341.73,145,1289
2963,031779,D,458.27,56,475
2963,080212,A,264.83,180,1822
2963,080212,C,361.72,41,442
2972,003480,A,102.92,124,1106
2972,003480,D,770.98,10,105
2972,01611,A,1756.69,188,1928
2972,01611,B,1547.76,78,727
2972,01611,D,1825.36,129,1220
2972,020109,C,500.49,197,1776
2972,031779,B,381.52,98,900
2990,003480,A,1188.64,21,218
2990,003480,C,1340.49,91,920
2990,003480,D,417.56,128,1316
2990,01611,A,1000.01,145,1218
2990,01611,B,284.33,61,543
2990,01611,C,186.51,107,899
2990,01611,D,1180.55,137,1462
2990,020109,A,315.24,147,1525
2990,031779,A,287.75,65,699
2990,031779,B,1826.47,30,290
2990,031779,C,729.82,53,562
2990,080212,B,1759.45,76,703
2994,01611,A,1305.10,102,889
2994,01611,C,1901.97,81,861
2994,020109,B,1812.39,60,542
2994,031779,A,1257.24,140,1296
3002,003480,B,2.36,185,1847
3002,003480,D,0.04,75,645
3002,01611,A,2.04,156,1450
3002,01611,B,0.81,178,1907
3002,020109,A,0.98,140,1483
3002,020109,B,1.45,21,194
3002,031779,B,1.30,152,1620
3005,003480,A,2.46,52,466
3005,003480,B,4.65,145,1370
3005,01611,B,6.06,113,1025
3005,020109,A,7.91,30,291
3005,020109,B,0.09,55,501
3005,031779,A,5.23,172,1454
3005,031779,C,2.14,101,1005
3008,003480,B,2.52,105,1063
3008,020109,C,1.41,183,1619
3008,020109,D,9.88,1,10
3008,031779,A,10.66,48,445
3008,031779,D,13.99,49,454
3008,080212,C,15.68,147,1509
3009,003480,A,13.20,145,1269
3009,003480,B,2.08,18,153
3009,01611,A,2.18,83,739
3009,020109,A,11.45,46,417
3009,031779,B,12.87,135,1229
3009,031779,D,8.23,57,577
3009,080212,C,2.23,197,1839
3012,003480,A,17.19,32,345
3012,003480,B,10.24,131,1233
3012,003480,D,6.80,98,884
3012,01611,A,10.59,61,533
3012,01611,B,3.32,72,608
3012,020109,A,13.29,97,856
3012,031779,B,19.39,58,555
3012,031779,C,11.22,56,491
3012,031779,D,17.96,62,614
3012,080212,A,10.86,90,965
3012,080212,B,5.73,56,511
3012,080212,C,0.17,85,763
3012,080212,D,16.02,149,1607
3014,003480,A,19.05,139,1207
3014,003480,C,12.09,105,978
3014,01611,A,25.77,138,1339
3014,01611,B,0.45,172,1536
3014,01611,C,6.09,36,362
3014,01611,D,13.30,59,521
3014,031779,B,17.46,178,1844
3021,01611,B,15.34,66,608
3021,01611,C,29.24,91,889
3021,020109,C,29.14,15,140
3021,020109,D,27.25,157,1654
3021,031779,A,8.77,198,1984
3030,003480,A,27.86,149,1493
3030,003480,C,29.54,165,1570
3030,003480,D,19.89,107,965
3030,01611,A,29.23,127,1300
3030,01611,C,23.95,75,756
3030,01611,D,36.25,110,1174
3030,080212,C,26.99,108,1025
3051,003480,B,52.37,84,720
3051,020109,C,3.69,2,19
3051,031779,A,15.09,49,474
3051,080212,B,2.72,2,19
3051,080212,D,74.63,198,1840
3057,003480,B,112.07,148,1592
3057,003480,C,29.30,134,1396
3057,020109,B,50.66,104,1067
3057,020109,C,73.95,121,1176
3057,020109,D,24.22,10,87
3057,031779,A,112.64,104,899
3057,080212,A,47.72,15,141
3062,003480,B,3.54,178,1587
3062,003480,C,30.92,65,665
3062,003480,D,70.36,37,333
3062,020109,A,116.74,25,247
3062,020109,B,99.68,12,127
3062,020109,D,109.76,102,1067
3062,031779,A,120.72,139,1486
3062,031779,B,47.35,44,464
3062,080212,A,54.11,106,925
3062,080212,B,26.02,13,139
3062,080212,C,65.95,64,678
3068,003480,A,65.62,154,1557
3068,003480,C,25.93,154,1443
3068,01611,A,61.99,136,1175
3068,01611,C,21.99,43,418
3068,020109,A,89.60,9,82
3068,020109,C,85.64,122,1131
3068,031779,B,114.31,97,1006
3082,003480,C,63.50,52,528
3082,003480,D,149.49,43,434
3082,01611,C,136.22,105,1091
3082,020109,A,20.62,152,1555
3082,020109,B,103.56,52,487
3082,020109,C,95.57,6,62
3082,020109,D,13.10,73,699
3082,080212,A,24.57,188,1581
3082,080212,B,32.42,134,1333
3082,080212,D,60.65,125,1301
3084,003480,B,91.94,41,371
3084,01611,C,148.92,83,727
3084,020109,A,4.39,96,866
3084,020109,B,80.75,167,1670
3084,031779,A,134.83,117,997
3084,080212,B,38.83,151,1434
3084,080212,C,149.80,26,235
3084,080212,D,117.24,49,425
3085,01611,B,6.49,45,460
3085,020109,A,130.07,43,376
3085,020109,D,135.35,69,700
3085,031779,C,37.95,151,1326
3085,080212,B,13.21,70,590
3085,080212,D,104.24,164,1679
3086,003480,A,161.76,193,2030
3086,01611,A,143.18,193,1961
3086,031779,B,149.63,120,1259
3086,031779,C,94.93,12,121
3086,031779,D,46.04,195,2100
3086,080212,A,51.43,197,2108
3086,080212,C,137.45,101,886
3086,080212,D,90.22,115,1026
3088,003480,A,163.82,141,1491
3088,003480,C,171.50,136,1303
3088,01611,A,152.43,99,1044
3088,01611,C,126.41,192,1886
3088,031779,A,41.95,23,201
3088,080212,A,82.31,195,2031
3088,080212,C,77.22,25,266
3091,01611,A,137.45,80,785
3091,01611,B,65.04,188,1737
3091,020109,B,56.72,1,9
3091,031779,C,162.09,87,912
3091,080212,A,180.73,144,1276
3091,080212,B,6.75,13,125
3091,080212,D,38.83,77,672
3094,003480,A,171.27,145,1521
3094,003480,C,172.43,71,619
3094,020109,A,83.87,16,141
3094,020109,B,102.13,11,96
3094,020109,C,172.17,33,313
3094,020109,D,98.60,190,1711
3094,031779,A,38.99,12,127
3094,031779,B,152.82,18,169
3094,080212,B,112.58,153,1451
3094,080212,C,35.70,116,1082
3094,080212,D,98.40,173,1644
3103,01611,A,59.27,40,365
3103,01611,C,20.81,130,1203
3103,020109,B,187.02,188,1767
3103,020109,C,171.95,75,805
3103,031779,B,82.24,84,886
3103,080212,D,55.52,144,1265
3116,003480,B,123.59,115,1168
3116,020109,A,83.85,15,141
3116,031779,C,7.18,143,1310
3116,080212,A,21.43,60,589
3117,003480,C,93.20,39,359
3117,003480,D,101.25,87,830
3117,01611,C,191.80,59,500
3117,020109,A,91.68,164,1511
3117,020109,B,179.56,62,632
3117,031779,C,203.46,96,943
3117,080212,A,84.81,135,1224
3122,003480,A,200.31,29,282
3122,003480,D,219.77,35,320
3122,01611,B,144.56,7,65
3122,020109,B,64.01,195,1828
3122,031779,B,151.41,28,245
3122,031779,C,98.82,74,776
3122,080212,A,192.29,30,321
3126,003480,B,150.35,38,339
3126,003480,C,224.73,150,1397
3126,01611,B,56.02,34,297
3126,020109,A,134.67,123,1112
3126,020109,B,78.70,50,504
3126,080212,B,179.13,117,1024
3126,080212,D,154.24,78,786
3128,020109,A,104.90,19,182
3128,020109,B,240.08,12,108
3128,020109,C,229.23,143,1273
3128,031779,A,35.23,19,204
3128,031779,D,144.41,113,1202
3128,080212,A,44.16,140,1326
3128,080212,B,32.61,70,741
3129,003480,C,90.45,85,883
3129,01611,B,226.37,4,38
3129,020109,A,257.99,53,521
3129,020109,C,156.04,145,1334
3129,080212,B,72.94,131,1415
3129,080212,D,190.36,39,405
3133,003480,C,119.39,172,1831
3133,01611,B,169.52,167,1576
3133,01611,D,189.89,147,1291
3133,020109,B,229.00,180,1927
3133,031779,B,224.00,135,1401
3133,031779,D,71.56,115,1010
3133,080212,B,256.09,35,299
3133,080212,C,119.00,16,166
3145,003480,B,129.01,5,53
3145,003480,C,206.63,196,2094
3145,01611,B,176.42,61,611
3145,020109,C,170.62,145,1298
3145,031779,A,84.14,165,1651
3145,031779,B,85.12,160,1711
3145,080212,C,228.69,22,213
3146,01611,B,178.79,156,1488
3146,01611,C,217.86,178,1710
3146,020109,A,34.37,187,1911
3146,020109,B,280.60,49,462
3146,020109,C,275.92,199,1791
3146,020109,D,213.39,44,461
3146,080212,C,138.99,89,871
3146,080212,D,289.81,161,1368
3149,020109,A,131.32,79,807
3149,020109,B,69.23,24,203
3149,020109,C,284.78,120,1287
3149,020109,D,229.16,168,1710
3149,080212,B,94.43,167,1763
3149,080212,D,163.41,72,745
3150,003480,B,190.98,15,161
3150,003480,C,65.28,122,1191
3150,003480,D,273.03,84,868
3150,01611,A,194.88,175,1783
3150,01611,B,257.64,175,1535
3150,020109,B,187.65,141,1513
3150,080212,A,142.75,174,1785
3160,003480,B,92.98,49,487
3160,003480,C,314.93,137,1214
3160,003480,D,5.36,120,1205
3160,01611,A,93.65,114,1188
3160,020109,A,27.74,82,831
3160,020109,B,98.16,30,266
3160,080212,A,257.95,94,837
3179,003480,A,118.82,37,356
3179,003480,B,192.31,193,1981
3179,01611,B,253.72,135,1285
3179,020109,A,57.05,71,643
3179,020109,B,208.42,15,162
3179,020109,D,308.40,172,1577
3179,031779,B,276.56,133,1187
3180,003480,B,167.71,157,1528
3180,003480,C,87.60,147,1289
3180,01611,A,92.37,39,370
3180,020109,B,11.00,186,1965
3180,031779,C,108.70,82,857
3180,080212,A,230.65,2,19
3180,080212,C,52.19,35,335
3180,080212,D,191.30,177,1488
3186,01611,A,350.60,125,1255
3186,01611,B,305.03,14,135
3186,01611,C,353.74,164,1609
3186,020109,C,156.47,95,885
3186,031779,B,46.83,90,797
3186,080212,A,19.93,151,1468
3186,080212,B,222.71,132,1308
3194,01611,C,59.66,169,1712
3194,01611,D,280.46,150,1360
3194,020109,C,76.78,185,1971
3194,031779,A,66.11,168,1776
3194,031779,B,11.75,132,1163
3194,080212,A,322.95,26,268
3194,080212,C,130.17,127,1339
3202,003480,A,258.85,62,604
3202,003480,B,112.00,19,184
3202,003480,C,9.26,7,75
3202,003480,D,72.00,58,587
3202,020109,B,354.07,48,437
3202,080212,C,79.03,141,1207
3206,003480,A,28.61,188,1639
3206,003480,C,66.55,123,1041
3206,003480,D,272.76,105,1052
3206,020109,B,175.76,126,1349
3206,020109,C,403.25,81,753
3206,031779,A,351.13,149,1314
3206,031779,C,364.53,98,958
3206,031779,D,290.19,64,649
3206,080212,A,295.99,68,710
3206,080212,D,392.43,143,1490
3214,003480,A,21.73,69,659
3214,003480,C,422.75,17,171
3214,003480,D,162.43,58,617
3214,01611,B,219.45,4,36
3214,031779,B,202.45,111,1062
3214,031779,C,1.42,80,685
3214,080212,C,419.35,194,1879
3223,003480,B,330.40,0,0
3223,003480,C,225.16,59,610
3223,01611,A,154.84,113,1150
3223,01611,B,388.45,13,126
3223,020109,B,277.48,118,1155
3223,031779,A,115.16,179,1879
3223,031779,D,113.58,119,1101
3223,080212,C,234.43,39,414
3227,003480,C,314.49,81,754
3227,01611,B,2.17,170,1762
3227,01611,C,115.67,49,421
3227,020109,A,316.14,108,924
3227,020109,B,452.13,162,1464
3227,020109,C,52.27,136,1337
3227,020109,D,81.91,170,1489
3227,080212,A,393.28,121,1158
3242,003480,C,202.93,28,251
3242,003480,D,85.71,185,1667
3242,01611,A,246.56,141,1455
3242,01611,B,205.58,62,566
3242,020109,B,105.57,82,761
3242,020109,C,254.22,99,924
3242,020109,D,168.85,84,720
3242,031779,B,438.30,101,1023
3242,080212,A,480.86,13,125
3242,080212,B,206.91,84,824
3242,080212,D,7.23,125,1052
3245,003480,B,66.00,110,1071
3245,003480,C,69.12,74,755
3245,003480,D,31.71,67,681
3245,020109,A,54.98,169,1473
3245,020109,B,242.47,191,1666
3245,020109,C,219.99,164,1500
3245,031779,B,441.68,68,633
3246,003480,A,288.58,153,1396
3246,01611,A,73.71,183,1601
3246,01611,B,327.79,156,1333
3246,01611,C,473.06,164,1668
3246,01611,D,217.85,124,1048
3246,020109,A,289.40,89,862
3246,020109,B,121.95,92,952
3246,020109,C,76.56,142,1329
3246,031779,A,320.72,68,575
3246,031779,B,382.20,49,440
3246,031779,C,462.52,17,163
3246,080212,A,3.55,53,554
3246,080212,B,179.28,50,447
3248,01611,B,17.60,129,1374
3248,01611,D,441.76,130,1287
3248,031779,C,199.96,182,1561
3248,080212,B,312.72,77,759
3248,080212,C,377.70,38,341
3254,003480,B,71.69,133,1125
3254,003480,D,143.64,97,906
3254,01611,B,321.44,2,21
3254,020109,A,398.24,47,445
3254,080212,C,5.44,140,1332
3272,003480,B,203.01,199,1757
3272,003480,C,4.47,39,379
3272,01611,C,498.02,129,1318
3272,020109,A,343.76,178,1523
3272,031779,A,112.65,52,477
3272,080212,A,304.12,73,629
3272,080212,B,116.67,42,427
3273,020109,B,539.28,125,1109
3273,031779,C,436.46,190,1651
3273,080212,A,44.81,142,1458
3273,080212,B,350.45,45,483
3287,003480,B,144.95,13,131
3287,003480,C,395.93,149,1507
3287,01611,B,287.21,83,874
3287,01611,D,556.53,73,745
3287,020109,A,230.41,159,1349
3287,031779,B,425.61,12,114
3287,080212,C,295.78,126,1114
3294,003480,A,382.97,72,622
3294,003480,C,191.84,16,142
3294,01611,A,400.17,46,443
3294,01611,C,214.70,183,1553
3294,020109,C,169.44,166,1729
3294,031779,A,533.75,32,332
3294,031779,B,346.77,160,1630
3294,031779,D,230.60,53,534
3294,080212,B,566.61,47,440
3294,080212,C,222.16,133,1188
3294,080212,D,17.11,58,528
3299,003480,A,39.00,74,717
3299,003480,B,519.03,62,608
3299,01611,A,428.99,200,2131
3299,020109,A,429.83,67,568
3299,020109,B,591.23,129,1153
3299,031779,B,162.59,71,602
3299,080212,A,591.26,2,20
3314,003480,A,298.30,98,906
3314,003480,B,50.45,147,1518
3314,003480,D,621.78,51,489
3314,01611,B,187.60,121,1243
3314,01611,C,482.61,191,1915
3314,020109,A,332.79,24,218
3314,020109,D,157.50,46,438
3314,031779,A,396.30,67,718
3314,080212,A,501.05,67,563
3314,080212,B,69.75,193,1912
3318,003480,A,320.12,188,1954
3318,003480,C,364.18,12,103
3318,003480,D,587.64,101,857
3318,020109,C,241.34,186,1643
3318,020109,D,224.51,65,698
3318,031779,A,169.54,103,994
3318,080212,C,163.28,87,751
3339,003480,B,75.98,63,560
3339,003480,D,492.24,64,664
3339,01611,A,333.55,80,842
3339,031779,B,214.77,172,1589
3339,031779,C,577.93,133,1306
3339,031779,D,300.33,85,842
3339,080212,B,318.96,79,724
3343,003480,A,208.81,170,1633
3343,003480,D,348.94,31,317
3343,020109,A,121.91,31,267
3343,020109,B,362.90,113,1106
3343,020109,C,587.56,152,1392
3343,031779,B,250.84,194,2084
3343,031779,D,145.84,2,19
3348,003480,A,453.61,98,918
3348,003480,B,394.45,118,1175
3348,003480,C,388.09,144,1541
3348,01611,C,631.38,6,55
3348,020109,A,353.22,123,1221
3348,020109,C,209.59,72,616
3348,031779,B,261.05,66,647
3350,003480,C,528.10,24,259
3350,01611,A,255.36,11,108
3350,01611,C,199.95,40,398
3350,031779,C,103.91,102,1029
3351,003480,A,257.23,46,416
3351,003480,B,662.79,155,1519
3351,003480,C,373.07,50,519
3351,01611,A,434.33,143,1434
3351,020109,C,11.92,22,229
3351,080212,A,29.56,188,2004
3351,080212,D,319.37,117,1149
3356,003480,C,107.53,87,901
3356,01611,A,531.64,63,542
3356,01611,C,216.22,141,1413
3356,01611,D,600.69,198,1793
3356,020109,A,83.07,116,1123
3356,020109,C,369.10,39,360
3356,080212,B,21.24,131,1411
3357,003480,A,622.72,93,835
3357,01611,C,594.66,1,11
3357,020109,A,679.90,57,563
3357,020109,C,649.94,56,530
3357,031779,A,699.37,180,1908
3357,031779,B,74.53,31,266
3357,080212,A,574.55,190,1706
3357,080212,B,317.07,174,1663
3359,003480,B,326.20,92,914
3359,003480,C,614.72,133,1311
3359,003480,D,521.96,50,530
3359,01611,A,246.91,80,848
3359,01611,B,123.02,112,960
3359,01611,D,642.24,77,771
3359,031779,B,309.85,12,109
3359,031779,C,294.10,7,67
3359,080212,A,466.39,46,415
3359,080212,B,171.91,12,120
3370,003480,B,697.61,121,1234
3370,003480,C,157.93,200,2135
3370,003480,D,596.98,63,597
3370,01611,A,480.19,63,530
3370,01611,B,474.61,88,886
3370,01611,C,600.62,131,1355
3370,020109,B,222.98,123,1224
3370,020109,C,449.12,200,1971
3370,020109,D,614.15,81,778
3370,031779,B,274.79,94,886
3370,031779,D,491.38,160,1582
3370,080212,A,522.26,73,665
3370,080212,B,627.70,138,1383
3370,080212,C,556.95,116,1179
3370,080212,D,525.84,46,472
3373,003480,B,705.52,148,1299
3373,003480,C,40.17,56,604
3373,003480,D,718.68,115,1025
3373,01611,C,504.44,61,634
3373,020109,C,741.76,21,216
3373,020109,D,413.40,115,1087
3373,031779,A,454.52,61,528
3373,031779,B,12.46,188,1731
3373,080212,A,462.40,14,136
3373,080212,B,479.30,177,1653
3373,080212,D,671.11,71,758
3377,01611,C,429.12,85,737
3377,020109,B,527.41,35,350
3377,020109,D,532.76,118,1045
3377,031779,A,219.08,134,1415
3377,031779,C,208.66,71,642
3377,080212,B,661.46,137,1304
3377,080212,C,475.09,124,1135
3377,080212,D,535.05,71,619
3387,003480,A,403.92,165,1465
3387,003480,B,526.37,110,980
3387,003480,D,458.83,134,1244
3387,01611,B,7.85,138,1308
3387,01611,C,716.14,140,1223
3387,01611,D,115.98,56,556
3387,020109,B,344.99,199,1753
3387,020109,C,262.20,166,1788
3387,031779,A,156.24,191,1752
3387,031779,B,677.50,17,149
3387,080212,B,297.72,100,961
3387,080212,C,99.03,159,1715
3397,003480,B,605.72,84,779
3397,003480,C,540.32,79,764
3397,003480,D,470.01,89,897
3397,01611,A,666.01,181,1623
3397,01611,C,69.94,139,1199
3397,020109,A,136.95,112,1014
3397,031779,A,144.79,97,837
3397,080212,A,190.53,100,959
3397,080212,B,126.05,123,1158
3397,080212,C,345.26,190,1852
3397,080212,D,321.25,98,999
3407,003480,A,572.97,142,1304
3407,01611,A,708.04,28,246
3407,020109,B,659.50,168,1545
3407,031779,A,293.69,8,70
3407,031779,B,773.57,168,1531
3407,031779,D,61.90,29,281
3407,080212,A,778.80,60,537
3408,003480,B,41.45,17,149
3408,003480,D,637.44,1,10
3408,01611,A,518.66,181,1689
3408,01611,C,161.53,85,894
3408,020109,A,412.64,98,923
3408,020109,C,738.11,153,1367
3408,031779,B,770.04,181,1668
3408,031779,C,412.43,109,1124
3417,003480,A,194.40,23,236
3417,003480,C,513.70,7,60
3417,01611,C,93.72,195,2024
3417,01611,D,16.43,43,369
3417,020109,C,811.20,95,852
3417,031779,C,358.79,107,1043
3417,080212,A,383.76,55,510
3421,003480,A,525.73,172,1658
3421,01611,A,43.01,151,1602
3421,01611,B,789.02,187,1813
3421,031779,A,161.99,13,129
3421,080212,B,19.23,64,691
3421,080212,C,560.30,86,834
3421,080212,D,208.16,68,731
3422,003480,A,843.45,155,1516
3422,003480,B,750.49,84,898
3422,003480,C,535.74,193,1883
3422,01611,A,73.16,180,1662
3422,01611,B,357.26,108,1106
3422,01611,C,646.16,11,107
3422,01611,D,117.30,191,1727
3422,020109,A,420.37,26,237
3422,031779,A,339.90,123,1157
3422,031779,B,284.21,189,1859
3422,031779,C,155.25,176,1802
3422,031779,D,250.60,186,1888
3422,080212,A,509.25,197,1935
3422,080212,C,205.03,129,1293
3425,003480,A,456.36,148,1327
3425,01611,A,149.96,127,1309
3425,020109,A,421.62,165,1463
3425,031779,C,43.97,163,1708
3425,080212,A,546.03,2,20
3425,080212,B,400.83,17,174
3425,080212,C,763.33,197,2011
3428,003480,A,731.17,119,1123
3428,003480,C,455.70,57,526
3428,01611,C,208.65,70,607
3428,020109,C,485.90,83,739
3428,020109,D,804.78,7,66
3428,080212,A,54.79,48,413
3435,003480,C,490.78,12,110
3435,01611,A,674.40,111,1039
3435,01611,B,685.17,153,1324
3435,020109,B,492.51,49,462
3435,020109,D,243.49,182,1695
3435,031779,B,56.69,107,947
3435,031779,C,352.14,15,151
3443,003480,A,751.53,178,1529
3443,003480,D,556.51,110,1152
3443,01611,A,692.07,115,1208
3443,031779,B,486.37,63,647
3443,031779,C,739.69,141,1227
3443,031779,D,376.78,3,31
3446,003480,B,196.65,161,1712
3446,01611,B,198.41,115,996
3446,01611,D,478.26,29,302
3446,020109,B,414.48,65,680
3446,020109,C,747.03,42,378
3446,031779,B,25.09,129,1198
3446,080212,C,671.43,13,134
3450,003480,A,282.85,185,1847
3450,003480,B,85.48,99,1066
3450,003480,C,551.56,58,617
3450,003480,D,281.70,175,1518
3450,01611,A,631.56,191,1858
3450,01611,C,868.41,167,1423
3450,01611,D,224.06,111,1035
3450,020109,A,897.68,125,1118
3450,020109,B,620.88,54,502
3450,020109,C,651.19,154,1456
3450,031779,A,656.76,131,1329
3450,031779,B,625.83,35,295
3450,031779,C,374.51,169,1434
3450,080212,A,471.95,78,837
3450,080212,B,881.30,92,945
3453,003480,B,241.44,33,332
3453,003480,C,500.91,66,643
3453,01611,B,225.62,100,860
3453,020109,B,288.65,96,819
3453,020109,C,9.12,122,1239
3453,080212,C,152.23,90,766
3453,080212,D,524.14,195,1909
3455,01611,B,272.28,186,1932
3455,01611,C,384.92,141,1324
3455,031779,C,319.97,107,1122
3455,080212,A,758.04,47,402
3455,080212,B,288.95,86,806
3455,080212,D,461.11,3,30
3456,020109,C,835.62,171,1492
3456,031779,A,735.56,146,1426
3456,031779,B,737.31,150,1468
3456,031779,D,60.78,130,1166
3456,080212,A,165.76,157,1522
3456,080212,B,757.46,142,1330
3456,080212,D,467.90,41,391
3461,003480,C,418.76,184,1803
3461,01611,A,878.79,65,574
3461,01611,B,704.30,101,1022
3461,01611,C,455.16,161,1452
3461,020109,A,552.06,57,485
3461,031779,C,798.69,182,1549
3461,080212,A,164.03,22,194
3469,003480,B,479.18,2,17
3469,003480,D,213.86,50,465
3469,01611,A,340.29,22,223
3469,01611,B,792.00,9,77
3469,01611,C,841.74,135,1312
3469,080212,A,700.75,71,610
3469,080212,B,896.87,36,361
3471,01611,B,602.56,166,1423
3471,01611,C,887.17,2,21
3471,031779,A,720.72,74,769
3471,031779,B,505.60,45,382
3471,031779,D,420.13,149,1590
3471,080212,B,919.61,171,1455
3471,080212,D,418.84,110,1023
3478,003480,A,414.18,90,842
3478,003480,B,203.05,191,1655
3478,003480,C,837.85,154,1373
3478,003480,D,710.98,117,993
3478,01611,B,573.98,98,828
3478,01611,C,373.61,63,540
3478,01611,D,227.81,124,1229
3478,020109,A,930.04,65,663
3478,020109,B,307.55,120,1067
3478,020109,D,792.95,70,680
3478,031779,A,721.66,153,1640
3478,031779,C,313.74,181,1879
3478,080212,A,382.72,21,205
3478,080212,B,314.28,85,865
3478,080212,D,222.20,197,2067
3479,01611,C,680.29,50,431
3479,020109,B,136.54,75,729
3479,031779,A,763.29,173,1868
3479,031779,D,423.20,5,51
3479,080212,B,109.41,118,1090
3479,080212,D,121.26,18,157
3483,01611,A,650.67,90,816
3483,01611,C,454.35,37,321
3483,020109,C,665.86,150,1415
3483,031779,B,505.11,188,2029
3483,031779,D,742.79,52,544
3483,080212,B,42.58,32,293
3483,080212,C,930.16,16,172
3484,003480,A,958.59,149,1503
3484,01611,A,546.33,58,583
3484,020109,A,114.20,60,571
3484,020109,B,919.54,5,43
3484,031779,A,310.74,155,1405
3484,031779,C,685.10,65,686
3484,031779,D,916.02,137,1268
3497,003480,B,521.17,104,959
3497,003480,C,413.05,111,1104
3497,01611,D,924.43,174,1572
3497,080212,B,73.80,8,86
3497,080212,C,19.15,176,1641
3507,003480,A,20.86,130,1224
3507,01611,B,183.85,156,1337
3507,020109,B,356.76,200,1826
3507,020109,C,745.31,141,1316
3507,031779,B,982.49,80,746
3507,080212,C,290.49,128,1075
3507,080212,D,218.16,5,43
3527,003480,A,226.23,159,1366
3527,003480,C,131.93,175,1717
3527,031779,A,666.72,182,1777
3527,080212,A,936.21,179,1547
3527,080212,B,1.25,185,1737
3527,080212,D,945.61,151,1408
3532,003480,C,529.73,57,595
3532,01611,B,831.26,62,573
3532,01611,C,927.44,195,2020
3532,020109,A,574.81,196,1750
3532,020109,B,1032.28,90,818
3532,031779,B,872.55,161,1450
3532,080212,C,644.76,76,756
3535,003480,B,161.58,153,1538
3535,003480,D,768.17,26,261
3535,020109,A,1057.94,122,1130
3535,020109,C,847.87,34,359
3535,031779,A,710.04,96,911
3535,031779,C,827.54,2,17
3535,080212,B,692.26,108,962
3537,003480,B,499.71,37,350
3537,01611,A,692.50,81,853
3537,01611,C,768.93,47,456
3537,020109,D,62.01,70,752
3537,031779,A,805.35,82,832
3540,003480,B,30.38,76,731
3540,003480,C,548.64,113,1177
3540,01611,C,940.23,35,341
3540,01611,D,233.71,200,1701
3540,020109,A,835.64,39,363
3540,020109,B,288.77,10,101
3540,020109,C,734.36,175,1579
3540,020109,D,1055.98,130,1159
3540,031779,A,510.00,169,1464
3540,031779,B,809.95,188,1835
3540,031779,C,256.67,51,533
3540,031779,D,871.88,184,1960
3540,080212,A,573.45,44,474
3543,003480,A,315.59,107,1032
3543,01611,B,696.60,44,372
3543,01611,C,669.77,175,1704
3543,031779,C,318.79,137,1399
3543,080212,B,615.03,137,1302
3543,080212,C,930.46,160,1393
3543,080212,D,156.26,116,1059
3544,003480,B,163.42,89,860
3544,003480,C,243.08,53,542
3544,01611,A,10.81,121,1299
3544,01611,B,664.17,25,247
3544,020109,A,764.80,115,1052
3544,031779,A,695.32,23,194
3544,031779,B,644.33,165,1518
3555,003480,B,1031.76,76,720
3555,003480,C,996.05,96,854
3555,003480,D,826.46,89,778
3555,01611,C,533.53,188,1957
3555,020109,B,136.55,112,1188
3555,020109,C,592.01,160,1554
3555,080212,A,856.81,28,238
3562,003480,A,607.88,77,774
3562,003480,C,153.08,136,1388
3562,020109,A,400.41,6,64
3562,080212,B,1112.87,91,841
3566,003480,A,654.15,12,124
3566,003480,D,102.67,20,171
3566,031779,B,410.28,65,581
3566,080212,A,826.92,0,0
3566,080212,D,561.38,71,741
3576,003480,B,121.83,81,763
3576,003480,C,830.32,92,901
3576,01611,B,343.90,31,317
3576,01611,C,905.31,106,1021
3576,020109,C,46.47,24,237
3576,031779,B,723.22,193,1759
3576,080212,A,747.08,113,1053
3576,080212,C,707.14,59,626
3582,003480,A,517.83,44,470
3582,01611,A,516.60,140,1378
3582,01611,C,1072.62,46,458
3582,01611,D,112.17,20,180
3582,020109,A,639.95,150,1508
3582,020109,B,977.66,110,932
3582,031779,C,929.02,143,1444
3588,01611,A,121.66,92,823
3588,01611,D,756.23,130,1376
3588,020109,A,431.03,14,125
3588,020109,B,1037.24,21,217
3588,031779,A,691.28,189,1937
3588,031779,C,397.86,129,1354
3588,080212,C,1167.78,161,1671
3590,003480,C,123.23,183,1968
3590,003480,D,355.64,156,1551
3590,01611,B,610.17,162,1377
3590,01611,C,27.47,100,1053
3590,031779,B,259.14,98,912
3590,031779,C,493.86,77,687
3590,031779,D,920.79,62,616
3590,080212,C,968.22,160,1539
3607,003480,B,1071.42,165,1530
3607,01611,A,406.44,102,900
3607,020109,A,1122.40,129,1333
3607,020109,C,217.64,36,320
3607,031779,A,219.12,27,249
3607,080212,B,636.84,34,362
3607,080212,C,1047.19,143,1261
3612,003480,A,1004.92,72,763
3612,003480,D,1055.58,64,671
3612,01611,A,1102.94,170,1433
3612,01611,C,345.76,171,1726
3612,020109,A,129.16,169,1451
3612,020109,C,789.65,11,111
3612,020109,D,1022.04,187,1844
3612,031779,C,1099.91,74,795
3612,031779,D,66.36,62,618
3612,080212,A,731.39,123,1071
3612,080212,B,545.52,139,1440
3612,080212,C,171.62,78,745
3613,003480,B,985.27,26,279
3613,003480,C,631.49,180,1854
3613,01611,B,453.02,114,1080
3613,01611,C,746.98,137,1258
3613,020109,B,605.53,93,855
3613,020109,C,1138.23,179,1533
3613,031779,B,208.13,159,1705
3613,031779,C,1165.11,116,986
3613,031779,D,217.52,5,52
3613,080212,A,546.90,120,1276
3613,080212,B,68.37,63,657
3613,080212,C,1146.27,109,1158
3613,080212,D,285.97,142,1211
3614,003480,A,196.37,11,115
3614,01611,A,984.48,142,1483
3614,01611,B,295.97,48,446
3614,01611,C,994.87,4,35
3614,01611,D,401.16,114,1078
3614,020109,A,955.92,121,1174
3614,080212,A,1203.09,118,1257
3619,003480,A,948.40,44,468
3619,020109,B,35.67,103,877
3619,020109,C,564.55,70,611
3619,031779,B,157.53,54,483
3619,031779,C,802.38,145,1464
3619,031779,D,13.36,28,273
3619,080212,A,339.75,138,1247
3619,080212,D,215.44,143,1427
3620,003480,D,1156.16,148,1258
3620,01611,C,807.05,70,738
3620,031779,A,481.29,191,1786
3620,080212,B,428.84,152,1560
3620,080212,D,231.43,37,314
3625,003480,C,866.20,156,1519
3625,01611,A,1159.69,179,1630
3625,01611,D,267.69,186,1766
3625,020109,B,708.63,64,554
3625,031779,A,359.66,116,1102
3625,031779,B,682.78,55,495
3625,031779,C,132.17,185,1922
3625,080212,C,235.55,190,1733
3628,003480,A,370.92,60,590
3628,003480,B,16.48,145,1547
3628,01611,B,425.45,152,1428
3628,020109,C,921.28,177,1497
3628,031779,A,438.25,126,1200
3628,031779,B,380.81,59,517
3628,031779,D,562.78,1,11
3632,003480,C,1107.58,181,1941
3632,01611,B,141.20,63,642
3632,01611,D,426.04,97,834
3632,031779,B,1177.28,23,234
3632,080212,A,356.14,77,794
3632,080212,C,1111.74,134,1422
3633,003480,B,382.14,134,1211
3633,003480,C,1004.17,14,118
3633,003480,D,681.79,35,299
3633,01611,A,1095.88,5,48
3633,01611,D,900.62,181,1715
3633,020109,A,664.09,122,1292
3633,020109,B,87.97,24,227
3633,080212,A,72.78,30,256
3635,003480,C,100.69,146,1512
3635,003480,D,1025.53,99,1058
3635,01611,B,1172.95,175,1823
3635,01611,C,785.98,24,250
3635,01611,D,1242.10,131,1185
3635,080212,C,356.02,141,1374
3635,080212,D,1116.90,115,1097
3642,003480,C,1089.77,0,0
3642,003480,D,1212.84,105,1052
3642,020109,C,1076.39,39,328
3642,020109,D,941.79,46,431
3642,031779,A,144.80,15,159
3642,031779,B,573.69,33,353
3642,031779,C,269.62,155,1456
3642,031779,D,1178.07,156,1335
3645,003480,B,490.25,129,1240
3645,01611,B,1017.44,116,1215
3645,01611,C,416.45,18,158
3645,01611,D,574.79,139,1312
3645,020109,B,734.68,10,91
3645,080212,A,1226.18,5,53
3645,080212,D,1228.27,128,1153
3649,003480,C,651.98,37,322
3649,01611,B,135.70,40,424
3649,01611,D,780.06,190,1834
3649,020109,A,993.00,155,1428
3649,020109,B,649.11,110,1011
3649,031779,B,975.60,141,1396
3649,031779,D,463.59,178,1895
3649,080212,B,1292.69,20,185
3649,080212,C,504.38,122,1149
3649,080212,D,1011.75,35,367
3653,003480,A,539.41,14,121
3653,01611,C,170.82,178,1632
3653,01611,D,1053.77,172,1581
3653,031779,B,1125.42,5,42
3653,080212,A,794.06,114,1072
3676,003480,A,439.36,170,1650
3676,003480,C,684.57,199,1759
3676,003480,D,1173.40,98,907
3676,01611,C,1290.71,40,429
3676,031779,B,754.47,180,1614
3676,080212,C,1210.59,96,1003
3686,003480,B,462.41,19,192
3686,003480,C,563.81,104,1057
3686,01611,C,263.40,176,1525
3686,01611,D,226.79,195,1879
3686,020109,A,710.61,148,1456
3686,020109,D,308.25,149,1466
3686,080212,A,607.76,5,46
3689,01611,B,200.98,98,844
3689,01611,C,866.02,148,1285
3689,020109,A,325.83,24,212
3689,020109,C,908.40,180,1714
3689,031779,B,1289.28,199,1835
3689,031779,D,312.40,55,511
3689,080212,A,241.40,44,433
3690,003480,B,544.50,133,1169
3690,003480,C,846.07,157,1512
3690,01611,B,991.05,97,1019
3690,01611,C,1062.53,109,1100
3690,01611,D,292.45,74,726
3690,020109,C,303.81,195,1646
3690,020109,D,1151.08,114,1168
3690,031779,B,360.60,9,96
3690,031779,C,1176.91,170,1752
3690,031779,D,730.63,152,1619
3690,080212,B,621.83,120,1143
3693,003480,A,535.09,70,680
3693,003480,B,904.81,68,714
3693,01611,C,1219.67,60,608
3693,020109,C,874.96,186,1729
3693,031779,C,1197.84,164,1384
3693,031779,D,926.41,24,246
3693,080212,B,47.57,43,415
3693,080212,C,237.27,101,991
3694,003480,B,1027.65,113,982
3694,01611,A,1269.71,75,768
3694,020109,B,1291.94,183,1685
3694,031779,A,164.62,163,1389
3694,031779,B,93.85,56,518
3694,031779,C,1086.12,198,1987
3694,080212,C,254.62,24,228
3697,003480,A,765.33,127,1210
3697,003480,B,632.13,40,341
3697,003480,C,244.55,161,1355
3697,01611,C,207.08,138,1228
3697,031779,A,638.07,158,1375
3697,031779,B,648.44,19,162
3697,031779,C,1217.42,110,1017
3697,080212,C,764.46,101,937
3697,080212,D,1225.50,140,1395
3702,003480,A,35.69,20,176
3702,003480,C,893.07,146,1324
3702,003480,D,569.61,194,1978
3702,01611,C,188.36,9,80
3702,020109,B,238.20,21,209
3702,020109,D,1242.16,9,96
3702,031779,A,183.38,21,202
3702,031779,B,641.90,14,128
3702,031779,D,823.40,124,1078
3702,080212,A,1047.41,40,386
3702,080212,B,442.50,15,129
3702,080212,C,979.53,123,1201
3708,01611,A,1309.78,139,1366
3708,01611,B,479.44,199,1874
3708,01611,D,298.97,7,75
3708,020109,C,229.39,67,573
3708,031779,A,1047.89,88,859
3708,031779,B,863.25,63,602
3708,031779,C,539.96,122,1045
3708,031779,D,1020.41,71,704
3708,080212,B,791.12,167,1612
3708,080212,C,414.60,44,436
3708,080212,D,26.37,125,1304
3713,01611,A,20.61,15,142
3713,031779,A,1184.35,11,108
3713,031779,C,133.89,170,1647
3713,080212,C,1295.67,187,1641
3713,080212,D,1171.13,159,1455
3717,003480,B,973.51,192,1901
3717,020109,C,1327.53,111,1173
3717,020109,D,685.91,191,1713
3717,031779,A,832.77,2,20
3717,031779,B,1012.32,169,1667
3717,031779,D,942.04,183,1909
3720,003480,B,165.77,161,1620
3720,01611,B,466.44,144,1325
3720,020109,C,1075.35,29,258
3720,031779,D,509.32,29,245
3720,080212,A,909.97,99,1005
3735,020109,B,106.70,120,1268
3735,031779,A,944.35,176,1658
3735,031779,B,865.89,185,1791
3735,031779,C,448.31,173,1467
3735,080212,B,1174.15,66,607
3735,080212,C,1233.58,95,856
3735,080212,D,567.76,156,1385
3737,01611,C,572.60,64,676
3737,020109,B,1189.36,124,1280
3737,031779,A,1358.16,60,556
3737,031779,B,427.26,5,49
3737,031779,D,30.80,62,570
3737,080212,A,382.47,59,527
3738,003480,A,1043.27,91,954
3738,01611,B,521.89,49,449
3738,01611,C,1295.04,114,1001
3738,020109,A,191.82,33,351
3738,031779,C,1140.36,133,1292
3738,031779,D,447.14,26,278
3738,080212,A,1455.64,186,1836
3742,003480,C,1426.29,177,1827
3742,01611,B,1132.71,116,1201
3742,020109,C,165.30,149,1535
3742,031779,A,1221.78,117,1007
3742,080212,A,444.26,7,62
3742,080212,B,18.85,62,645
3742,080212,D,323.27,114,1207
3745,01611,A,751.30,134,1207
3745,01611,B,946.51,196,1872
3745,020109,A,944.76,200,1839
3745,020109,C,78.52,51,450
3745,020109,D,720.60,54,538
3745,080212,B,369.32,103,1068
3745,080212,C,1397.89,90,859
3748,003480,A,762.18,86,775
3748,01611,B,478.85,73,720
3748,01611,C,500.53,53,480
3748,020109,A,694.08,89,811
3748,020109,B,16.53,133,1393
3748,020109,D,934.36,145,1263
3748,031779,A,717.97,169,1693
3748,031779,D,1152.75,132,1304
3748,080212,A,100.45,194,1646
3748,080212,B,1455.09,8,78
3748,080212,C,56.74,186,1683
3748,080212,D,1482.77,178,1793
3751,003480,B,395.98,16,150
3751,003480,C,1376.45,13,121
3751,01611,A,221.59,128,1165
3751,01611,B,1223.44,177,1750
3751,020109,C,403.41,173,1603
3751,080212,A,323.04,22,203
3751,080212,B,685.84,157,1506
3768,003480,B,99.33,47,472
3768,01611,B,1085.18,190,1965
3768,01611,C,1367.79,167,1482
3768,020109,D,662.50,34,356
3768,080212,B,468.84,191,1958
3772,003480,A,108.96,85,799
3772,003480,C,1039.46,46,468
3772,01611,B,1342.25,137,1299
3772,01611,C,809.08,35,297
3772,01611,D,680.07,88,905
3772,031779,A,1228.71,59,608
3772,080212,B,1313.54,144,1338
3774,003480,A,308.31,28,295
3774,003480,C,190.14,24,244
3774,01611,B,198.35,69,630
3774,020109,A,210.99,97,1021
3774,020109,C,221.16,1,10
3774,031779,B,1064.35,156,1639
3774,031779,C,907.34,100,894
3785,003480,C,1131.24,5,51
3785,020109,A,65.03,80,738
3785,020109,B,715.73,140,1237
3785,020109,C,722.19,175,1861
3785,031779,A,1013.42,180,1762
3785,080212,C,462.07,172,1622
3785,080212,D,117.79,50,516
3787,003480,B,92.58,44,374
3787,003480,C,102.68,39,401
3787,01611,C,1546.56,198,1932
3787,020109,A,1506.55,31,335
3787,020109,C,193.18,127,1347
3787,020109,D,888.26,167,1750
3787,031779,A,137.71,185,1730
3787,031779,B,20.64,52,481
3787,031779,C,1491.45,12,118
3787,031779,D,62.80,1,10
3787,080212,A,1269.42,192,1938
3787,080212,D,1279.93,12,112
3788,003480,B,804.12,7,70
3788,003480,C,261.38,188,1997
3788,020109,A,1341.33,3,26
3788,020109,B,852.30,60,598
3788,031779,A,231.29,14,131
3788,031779,D,1142.18,58,527
3788,080212,C,1112.83,165,1651
3805,003480,A,570.93,116,991
3805,003480,D,39.52,65,590
3805,020109,B,519.50,117,1033
3805,080212,B,955.28,6,51
3805,080212,C,462.05,0,0
3807,01611,B,980.05,60,590
3807,020109,A,1442.04,8,67
3807,020109,B,1157.70,191,1836
3807,031779,A,345.26,198,1668
3807,031779,B,474.83,13,126
3807,031779,D,400.73,52,558
3807,080212,C,173.31,71,707
3817,003480,A,818.19,128,1296
3817,003480,D,450.92,39,350
3817,01611,A,1123.02,33,343
3817,01611,B,545.59,187,1806
3817,020109,A,895.64,16,167
3817,020109,C,1285.24,88,765
3817,020109,D,1207.74,36,344
3817,031779,C,63.57,97,1031
3820,003480,B,1065.78,154,1574
3820,01611,A,1603.69,68,693
3820,01611,B,302.77,199,1974
3820,020109,C,689.37,191,2029
3820,031779,B,1219.58,171,1493
3820,031779,C,1111.44,67,618
3820,080212,A,513.73,198,2115
3826,003480,B,896.57,43,387
3826,003480,C,221.22,82,884
3826,003480,D,861.49,76,738
3826,01611,B,1154.96,147,1293
3826,020109,B,122.45,3,31
3826,020109,D,677.21,188,1747
3826,031779,A,1619.60,184,1921
3826,031779,B,1581.75,80,790
3826,031779,C,148.22,146,1388
3826,080212,B,1222.44,118,1035
3832,003480,A,565.79,110,1033
3832,003480,B,1561.59,126,1062
3832,003480,C,374.66,177,1871
3832,01611,A,117.02,1,10
3832,01611,C,302.73,145,1406
3832,01611,D,853.38,146,1315
3832,020109,B,924.67,94,845
3832,080212,B,1283.59,37,343
3833,003480,C,1401.98,32,325
3833,003480,D,322.05,102,891
3833,031779,B,472.41,182,1626
3833,031779,C,360.38,73,764
3833,080212,D,645.42,159,1622
3834,003480,C,1400.61,164,1659
3834,003480,D,802.36,27,277
3834,01611,A,1450.16,110,1065
3834,01611,C,327.86,47,475
3834,031779,B,1429.55,89,791
3837,003480,A,792.29,147,1306
3837,003480,B,1395.70,24,239
3837,01611,C,217.33,64,593
3837,020109,A,978.04,28,280
3837,031779,C,368.64,57,576
3837,080212,B,828.52,190,1829
3837,080212,C,949.15,32,308
3838,01611,B,289.55,192,1619
3838,01611,D,1515.07,14,142
3838,020109,A,1151.53,3,26
3838,020109,C,866.83,104,889
3838,031779,B,166.29,167,1467
3838,031779,C,433.53,31,327
3838,080212,B,5.74,45,392
3862,003480,B,547.65,185,1848
3862,01611,A,357.78,89,830
3862,020109,A,1105.35,134,1206
3862,020109,B,348.72,144,1516
3862,020109,D,959.73,108,1005
3862,080212,A,991.38,68,600
3862,080212,C,1703.87,110,926
3863,003480,B,874.95,11,115
3863,01611,A,1089.43,5,51
3863,020109,A,413.16,142,1465
3863,020109,B,1642.02,175,1517
3863,031779,B,483.29,88,763
3863,031779,D,337.39,69,619
3863,080212,C,902.24,136,1222
3864,003480,A,133.94,56,540
3864,003480,C,1329.84,187,2002
3864,01611,A,516.09,110,1121
3864,020109,A,1331.55,69,659
3864,031779,A,1418.25,44,427
3864,031779,B,773.74,197,1663
3864,080212,B,1090.86,36,320
3864,080212,C,1039.16,7,69
3872,003480,A,391.95,69,704
3872,003480,B,721.73,117,1126
3872,003480,C,1503.56,188,1678
3872,003480,D,171.59,195,1927
3872,020109,B,1054.58,15,129
3872,031779,A,1055.11,167,1518
3872,031779,C,1293.97,137,1335
3872,031779,D,224.24,127,1126
3872,080212,C,562.68,151,1353
3872,080212,D,219.76,144,1278
3882,003480,A,20.96,79,715
3882,01611,B,823.03,146,1310
3882,01611,C,276.70,144,1317
3882,031779,A,1575.60,41,355
3882,031779,B,239.11,186,1632
3882,031779,C,1019.73,0,0
3882,080212,B,1425.89,99,1021
3886,003480,B,357.12,24,241
3886,003480,C,1320.26,105,908
3886,01611,C,1164.03,133,1160
3886,01611,D,458.61,12,125
3886,020109,B,1011.17,196,1918
3886,031779,C,175.62,102,1034
3886,031779,D,1373.03,47,459
3895,003480,A,237.51,45,379
3895,003480,B,826.50,196,2072
3895,003480,D,469.50,79,756
3895,01611,C,189.66,46,406
3895,020109,C,1444.99,22,214
3895,020109,D,627.90,179,1732
3895,031779,A,963.88,181,1906
3895,031779,B,111.90,195,2035
3895,031779,D,884.97,46,391
3895,080212,A,316.35,113,1202
3899,003480,A,325.68,157,1356
3899,003480,C,1060.24,111,999
3899,003480,D,810.70,92,902
3899,01611,A,413.42,46,415
3899,01611,B,1720.18,27,231
3899,01611,C,1493.64,145,1371
3899,031779,C,983.96,147,1323
3908,01611,A,198.04,104,1066
3908,01611,C,1786.39,153,1322
3908,020109,A,1753.72,14,146
3908,020109,C,1155.78,100,1007
3908,020109,D,88.12,6,61
3908,031779,C,68.93,89,855
3908,080212,B,1167.88,47,436
3922,003480,B,804.86,183,1825
3922,01611,B,74.90,53,461
3922,01611,D,744.05,166,1439
3922,020109,B,166.58,168,1593
3922,020109,C,26.82,168,1571
3922,031779,A,1613.03,60,590
3922,080212,C,1371.91,56,596
3926,003480,B,510.02,162,1465
3926,01611,A,622.56,159,1399
3926,01611,B,509.33,190,1916
3926,01611,D,1623.56,196,2058
3926,031779,A,2.44,132,1296
3926,080212,B,1578.68,14,141
3926,080212,D,770.99,173,1501
3929,003480,C,1673.86,33,329
3929,003480,D,1268.39,31,266
3929,01611,B,1054.42,75,696
3929,01611,C,918.04,64,655
3929,01611,D,801.39,41,390
3929,031779,A,1007.05,182,1859
3929,031779,B,987.72,167,1679
3929,031779,C,1073.32,195,1767
3929,080212,B,1568.53,155,1549
3931,003480,A,751.11,181,1855
3931,003480,B,1124.62,40,400
3931,003480,C,959.00,87,784
3931,01611,A,373.67,40,393
3931,01611,B,1627.91,18,173
3931,01611,C,545.38,167,1633
3931,01611,D,1305.76,134,1212
3931,020109,C,868.09,169,1694
3931,031779,A,279.57,68,681
3931,080212,A,313.57,63,566
3931,080212,D,1819.86,6,60
3932,01611,B,237.13,116,1019
3932,01611,C,1058.37,14,125
3932,020109,A,373.44,135,1387
3932,020109,D,797.32,62,556
3932,031779,A,1076.19,29,307
3932,080212,A,1697.09,163,1586
3932,080212,C,1799.30,179,1615
3934,003480,A,846.97,194,1703
3934,003480,B,1827.59,87,919
3934,003480,C,1413.31,169,1800
3934,003480,D,1797.77,188,1782
3934,01611,A,1816.09,32,281
3934,080212,A,1217.89,172,1502
3934,080212,B,1063.73,114,1151
3941,003480,B,1199.22,152,1383
3941,01611,A,908.30,155,1582
3941,020109,B,263.03,67,655
3941,020109,C,1081.95,133,1230
3941,031779,B,472.63,105,887
3941,080212,D,1214.38,75,662
3945,003480,A,884.48,1,10
3945,01611,A,883.98,95,886
3945,020109,A,84.56,121,1220
3945,020109,B,868.97,149,1483
3945,020109,D,738.80,1,8
3945,031779,C,1206.63,57,519
3945,080212,C,669.73,102,1022
3952,003480,B,1894.53,19,171
3952,003480,D,1750.94,50,526
3952,01611,B,985.63,65,648
3952,020109,B,1735.37,2,19
3952,020109,C,1129.37,30,310
3952,020109,D,471.00,45,449
3952,080212,B,336.95,117,1076
3954,003480,B,1211.46,134,1194
3954,003480,C,929.54,160,1387
3954,01611,A,51.83,96,969
3954,01611,C,1548.56,64,547
3954,020109,A,940.32,120,1040
3954,031779,A,1207.56,152,1329
3954,080212,B,1333.52,83,725
3960,01611,B,1758.26,128,1250
3960,01611,C,870.42,93,852
3960,020109,A,42.36,112,1108
3960,020109,B,1692.00,185,1784
3960,020109,C,1518.74,54,582
3960,020109,D,646.68,183,1751
3960,080212,C,1872.93,148,1267
3968,003480,A,1354.37,45,422
3968,003480,C,1590.84,96,1006
3968,020109,A,1932.61,176,1617
3968,020109,C,357.05,168,1741
3968,031779,A,652.87,140,1185
3968,031779,B,1111.83,83,794
3968,080212,B,504.39,151,1584
3973,003480,B,1392.64,164,1529
3973,01611,C,1353.81,150,1503
3973,031779,A,92.56,125,1225
3973,031779,B,858.14,113,1168
3973,031779,D,29.78,178,1897
3973,080212,A,110.88,125,1272
3973,080212,B,1469.82,66,562
3981,003480,A,1456.37,190,1764
3981,003480,B,369.87,160,1410
3981,003480,C,956.84,48,425
3981,01611,A,54.21,93,935
3981,020109,A,956.29,95,881
3981,020109,C,686.16,63,547
3981,031779,C,714.36,119,1278
3986,003480,C,1893.42,40,394
3986,020109,A,1946.38,4,39
3986,020109,C,1390.78,143,1229
3986,031779,B,1629.99,191,1762
3986,031779,D,535.43,167,1585
3986,080212,B,328.01,64,598
3989,003480,B,1391.30,196,2055
3989,01611,C,894.05,163,1587
3989,020109,C,166.74,86,868
3989,031779,A,1969.44,18,169
3989,031779,C,1128.35,5,45
3989,080212,C,364.43,47,410
3989,080212,D,1402.30,44,424
3992,003480,C,1441.80,140,1291
3992,01611,A,472.73,77,708
3992,01611,B,1858.12,191,1989
3992,01611,C,1281.04,139,1423
3992,01611,D,1960.97,121,1179
3992,020109,A,950.72,66,633
3992,020109,B,710.10,188,1625
3992,080212,B,525.12,125,1290
3994,003480,B,858.51,195,1984
3994,020109,C,1092.90,159,1551
3994,031779,A,1181.42,177,1907
3994,031779,B,461.81,197,1843
3994,080212,A,904.53,162,1500
3994,080212,B,1859.55,40,431
3994,080212,D,1540.03,61,650
3998,01611,A,1447.41,193,1783
3998,01611,B,933.41,32,330
3998,031779,A,1487.54,152,1450
3998,031779,B,852.77,105,1088
3998,031779,C,86.92,124,1264
3998,080212,C,38.93,102,967
3998,080212,D,324.69,132,1293
3999,01611,A,1713.14,168,1747
3999,01611,B,593.62,34,325
3999,020109,B,1271.52,86,844
3999,020109,C,1477.94,119,1256
3999,020109,D,650.54,59,569
3999,080212,C,598.61,123,1297
4011,003480,A,16.56,58,534
4011,003480,B,18.14,45,483
4011,01611,A,5.41,73,740
4011,01611,D,11.70,21,187
4011,020109,C,19.64,68,607
4011,031779,A,15.96,46,473
4011,031779,B,9.42,200,1809
4011,031779,C,19.05,175,1703
4020,003480,B,27.76,139,1378
4020,003480,D,32.53,187,1907
4020,01611,B,0.16,47,470
4020,020109,A,15.28,56,496
4020,031779,A,15.90,111,947
4020,031779,B,26.48,75,767
4020,031779,C,19.31,183,1973
4030,003480,B,15.39,39,352
4030,01611,C,13.21,187,1971
4030,020109,C,41.75,143,1204
4030,031779,A,38.34,59,567
4030,031779,C,57.59,100,966
4030,031779,D,31.55,119,1167
4030,080212,A,45.09,33,313
4030,080212,C,6.98,199,1976
4030,080212,D,5.11,27,272
4033,003480,A,39.24,44,427
4033,01611,A,5.12,156,1341
4033,01611,B,3.13,59,539
4033,01611,C,2.35,112,1052
4033,01611,D,38.56,61,576
4033,020109,A,46.91,155,1435
4033,020109,B,3.86,18,157
4033,020109,C,40.13,167,1422
4033,031779,A,4.28,40,390
4033,031779,B,60.09,187,1961
4033,031779,C,22.74,133,1124
4033,080212,A,1.95,44,453
4033,080212,B,20.57,96,1007
4033,080212,C,52.27,38,356
4038,01611,A,37.62,118,1133
4038,01611,C,33.17,164,1465
4038,020109,B,40.08,12,125
4038,020109,C,33.77,64,626
4038,031779,B,13.02,156,1335
4038,080212,A,70.95,104,984
4038,080212,B,16.25,181,1582
4040,003480,C,7.17,190,1841
4040,01611,B,14.03,32,299
4040,01611,D,72.27,167,1549
4040,031779,D,30.00,175,1832
4040,080212,B,24.59,47,465
4041,003480,A,78.26,135,1401
4041,01611,A,27.71,53,452
4041,01611,C,44.97,194,1949
4041,01611,D,6.35,150,1396
4041,020109,A,62.36,169,1794
4041,020109,C,27.95,135,1255
4041,080212,B,20.92,23,198
4044,003480,C,87.17,93,881
4044,01611,A,68.87,46,443
4044,01611,B,66.29,98,975
4044,01611,C,45.02,69,685
4044,020109,C,11.62,7,72
4044,031779,C,46.10,31,264
4044,080212,C,8.88,101,1076
4063,003480,A,111.16,54,570
4063,01611,B,9.73,189,1864
4063,020109,A,77.19,136,1340
4063,020109,C,70.95,185,1757
4063,031779,B,101.60,173,1688
4063,031779,D,90.23,83,859
4063,080212,C,73.21,17,179
4067,003480,A,32.32,91,944
4067,003480,C,16.10,180,1868
4067,01611,A,12.00,93,895
4067,01611,B,45.17,147,1521
4067,020109,C,60.61,64,607
4067,031779,C,105.62,130,1274
4067,080212,B,5.80,0,0
4072,003480,A,99.83,91,824
4072,01611,C,114.77,183,1600
4072,020109,B,88.76,87,903
4072,031779,B,73.60,155,1601
4075,003480,A,9.69,109,1066
4075,003480,C,17.60,90,897
4075,003480,D,48.39,56,586
4075,020109,B,98.91,61,551
4075,031779,C,74.53,70,670
4075,080212,B,138.02,48,482
4075,080212,D,44.12,148,1314
4077,031779,A,69.10,48,476
4077,031779,C,125.96,19,191
4077,031779,D,98.48,148,1355
4077,080212,A,58.00,138,1271
4084,003480,C,11.78,186,1576
4084,01611,A,45.25,101,850
4084,01611,B,151.83,36,335
4084,01611,D,162.26,55,529
4084,031779,B,33.60,39,339
4084,031779,D,111.40,106,1142
4084,080212,A,156.09,32,338
4094,01611,A,141.63,7,73
4094,020109,B,166.81,62,626
4094,031779,D,128.64,109,1109
4094,080212,A,23.89,197,2113
4094,080212,B,180.83,143,1530
4097,003480,B,133.81,181,1885
4097,01611,A,135.19,35,297
4097,01611,B,177.29,56,545
4097,01611,C,193.30,16,159
4097,01611,D,13.68,87,821
4097,020109,A,4.82,58,545
4097,020109,B,62.03,84,793
4097,020109,D,98.51,98,1022
4097,031779,A,66.47,66,712
4097,031779,B,14.32,89,871
4097,031779,C,85.39,39,358
4097,031779,D,78.49,54,521
4097,080212,A,5.34,179,1845
4097,080212,C,110.55,16,144
4102,01611,A,67.85,105,913
4102,01611,B,148.12,9,83
4102,01611,D,163.18,200,1955
4102,020109,A,19.95,27,257
4102,020109,C,38.24,130,1344
4102,020109,D,68.43,57,548
4102,031779,C,109.00,31,294
4102,031779,D,34.28,22,223
4102,080212,B,142.03,38,345
4102,080212,C,82.17,164,1438
4102,080212,D,132.73,10,90
4103,003480,D,83.56,18,157
4103,01611,C,80.01,147,1297
4103,020109,A,54.95,161,1638
4103,020109,B,153.92,135,1424
4103,020109,C,63.16,126,1348
4103,031779,A,167.40,11,95
4103,031779,B,151.35,95,888
4103,031779,C,184.57,141,1338
4103,031779,D,138.92,61,586
4103,080212,A,59.22,82,780
4103,080212,C,117.47,169,1619
4103,080212,D,63.98,174,1797
4104,003480,C,23.68,186,1935
4104,003480,D,100.85,160,1484
4104,01611,C,133.53,134,1166
4104,01611,D,158.34,65,619
4104,020109,B,92.00,156,1503
4104,031779,A,111.44,6,59
4104,031779,C,12.56,64,601
4106,01611,A,42.57,53,462
4106,01611,C,61.79,64,578
4106,020109,C,91.67,123,1201
4106,031779,A,109.37,118,1157
4106,031779,C,11.61,20,180
4106,031779,D,179.10,200,1708
4106,080212,C,147.26,0,0
4107,003480,D,164.01,1,8
4107,020109,A,120.21,126,1182
4107,020109,B,99.23,92,839
4107,020109,D,108.64,23,214
4107,031779,B,11.10,77,719
4110,01611,A,6.51,95,882
4110,01611,C,211.08,188,1590
4110,020109,C,108.77,124,1263
4110,031779,A,9.84,87,740
4110,031779,B,72.01,188,1779
4110,031779,D,43.18,114,1091
4110,080212,A,192.68,48,465
4110,080212,B,126.54,155,1304
4110,080212,C,44.41,45,405
4110,080212,D,99.37,101,987
4118,003480,A,103.14,185,1994
4118,01611,B,49.59,192,1809
4118,031779,A,109.65,87,871
4118,031779,B,55.35,40,358
4118,031779,C,212.64,97,1003
4119,020109,A,172.59,187,1575
4119,020109,B,176.45,76,658
4119,031779,C,86.27,12,121
4119,080212,A,206.04,81,813
4119,080212,B,188.12,148,1555
4119,080212,D,175.15,31,267
4123,003480,B,178.22,173,1736
4123,003480,C,48.92,110,1175
4123,003480,D,242.46,84,842
4123,01611,A,37.16,42,385
4123,01611,D,35.60,59,522
4123,020109,B,150.34,108,930
4123,020109,C,212.92,75,769
4123,031779,B,225.24,120,1111
4123,031779,C,70.74,177,1599
4123,031779,D,42.69,46,459
4123,080212,A,154.31,190,1857
4123,080212,C,135.51,73,717
4123,080212,D,177.15,125,1255
4124,003480,A,166.57,58,502
4124,003480,C,59.13,69,675
4124,003480,D,105.34,173,1776
4124,01611,A,241.43,99,1040
4124,01611,B,149.00,59,617
4124,020109,B,83.94,119,1017
4124,080212,B,131.30,19,195
4125,01611,B,148.10,81,840
4125,01611,C,103.30,100,964
4125,01611,D,182.93,135,1306
4125,020109,B,212.81,17,155
4125,080212,A,204.81,142,1410
4125,080212,C,52.63,71,711
4129,003480,B,134.80,120,1044
4129,003480,C,201.62,150,1582
4129,01611,A,96.94,151,1354
4129,01611,B,124.56,100,960
4129,01611,D,217.37,166,1501
4129,020109,C,106.14,1,9
4129,020109,D,192.73,86,764
4129,031779,B,150.41,180,1566
4129,080212,C,200.07,97,969
4129,080212,D,47.51,162,1475
4141,003480,A,195.70,153,1542
4141,003480,B,157.20,40,408
4141,003480,D,213.10,151,1307
4141,01611,A,107.53,169,1657
4141,01611,B,112.18,47,397
4141,01611,C,121.92,33,288
4141,01611,D,267.10,23,229
4141,020109,A,174.43,176,1483
4141,020109,B,149.81,136,1366
4141,020109,C,194.91,75,807
4141,020109,D,54.66,24,226
4141,031779,C,19.50,81,708
4141,080212,A,255.40,72,681
4141,080212,C,280.90,3,31
4141,080212,D,96.51,172,1612
4147,003480,C,286.35,14,143
4147,01611,A,238.79,195,2021
4147,01611,C,149.47,86,791
4147,020109,A,42.47,136,1339
4147,031779,A,40.67,194,1994
4147,031779,C,191.78,172,1839
4147,031779,D,234.50,118,1202
4147,080212,A,128.63,97,998
4158,003480,B,265.12,151,1622
4158,003480,D,315.73,62,603
4158,01611,B,29.41,199,1832
4158,01611,C,315.13,156,1421
4158,020109,A,98.84,108,1102
4158,020109,B,98.29,146,1491
4158,020109,D,244.73,184,1859
4158,080212,C,71.68,45,440
4162,003480,A,104.87,28,271
4162,003480,C,317.53,60,562
4162,003480,D,135.84,64,561
4162,01611,C,27.92,38,375
4162,01611,D,302.04,149,1319
4162,020109,B,189.59,56,523
4162,020109,C,129.95,127,1160
4162,080212,B,95.33,135,1272
4167,003480,A,159.36,135,1198
4167,003480,C,129.61,57,527
4167,020109,A,222.08,7,63
4167,020109,B,139.61,9,87
4167,031779,A,232.56,70,676
4167,031779,B,171.68,84,869
4167,080212,B,193.40,174,1593
4175,01611,A,156.81,90,969
4175,01611,C,263.14,93,838
4175,020109,C,209.91,74,654
4175,020109,D,13.69,68,573
4175,031779,B,25.78,119,1274
4175,080212,A,300.57,21,226
4175,080212,B,183.37,27,231
4200,003480,B,298.25,67,679
4200,01611,C,363.30,14,126
4200,031779,B,72.55,119,1217
4200,031779,C,244.92,71,731
4200,031779,D,213.31,33,351
4200,080212,A,24.90,117,1125
4200,080212,C,159.21,84,796
4203,003480,A,27.67,128,1130
4203,003480,B,269.31,17,156
4203,003480,C,216.34,35,297
4203,01611,B,151.26,65,679
4203,020109,B,182.41,66,597
4203,031779,B,367.08,57,489
4203,080212,A,60.04,109,1121
4208,003480,B,269.21,122,1104
4208,003480,C,41.24,138,1305
4208,003480,D,168.13,105,935
4208,01611,A,242.58,159,1657
4208,020109,B,195.03,93,920
4208,020109,D,248.93,95,810
4208,031779,A,14.60,126,1271
4219,003480,B,112.71,64,611
4219,003480,C,340.99,113,1025
4219,01611,B,72.49,2,19
4219,020109,A,193.60,154,1353
4219,020109,C,279.33,37,324
4219,031779,C,302.99,6,58
4219,080212,C,27.69,106,931
4222,01611,C,258.95,43,401
4222,020109,A,359.02,39,404
4222,020109,C,255.54,184,1764
4222,020109,D,230.37,56,497
4222,031779,A,51.69,122,1251
4222,031779,D,376.70,159,1400
4222,080212,A,320.95,86,851
4225,003480,A,42.52,128,1201
4225,020109,B,236.66,137,1300
4225,020109,D,402.19,41,354
4225,031779,A,292.25,10,101
4225,031779,B,347.88,58,537
4225,080212,B,203.36,193,1690
4237,003480,A,463.35,40,416
4237,003480,B,412.05,89,896
4237,003480,D,116.31,134,1447
4237,020109,B,257.67,121,1117
4237,020109,C,126.31,104,915
4237,080212,B,287.87,116,982
4237,080212,C,334.89,93,1003
4240,003480,B,52.51,98,955
4240,01611,A,48.17,147,1411
4240,01611,B,427.94,85,835
4240,01611,C,57.28,98,1010
4240,031779,B,472.00,59,625
4240,031779,D,424.53,28,291
4240,080212,C,100.77,156,1452
4244,003480,B,393.64,23,208
4244,003480,C,128.41,171,1633
4244,003480,D,19.48,155,1636
4244,01611,B,298.67,118,1158
4244,080212,A,399.51,78,830
4244,080212,B,129.99,116,1031
4244,080212,C,325.41,123,1213
4246,003480,C,232.94,80,765
4246,01611,B,321.86,167,1768
4246,01611,C,42.39,42,444
4246,031779,A,105.40,5,50
4253,003480,A,492.07,176,1524
4253,020109,A,364.22,1,10
4253,020109,B,262.00,196,1744
4253,031779,C,219.55,141,1412
4253,080212,A,479.83,167,1539
4253,080212,C,191.99,122,1066
4253,080212,D,382.45,82,861
4270,01611,C,170.16,117,1189
4270,020109,B,489.41,156,1534
4270,031779,A,321.36,45,475
4270,031779,C,162.88,95,858
4270,031779,D,194.80,20,177
4270,080212,C,112.09,145,1373
4271,003480,A,448.60,91,893
4271,003480,B,28.61,16,162
4271,003480,D,324.95,14,123
4271,01611,A,454.16,89,765
4271,01611,B,338.12,132,1135
4271,080212,A,168.90,38,336
4271,080212,B,382.45,150,1262
4271,080212,D,171.39,17,152
4287,003480,C,221.84,22,229
4287,01611,A,231.96,98,829
4287,01611,B,527.92,68,579
4287,01611,C,168.77,161,1706
4287,031779,B,62.23,68,634
4287,031779,D,131.92,47,483
4287,080212,B,108.92,107,1136
4290,003480,A,521.95,179,1744
4290,003480,B,185.56,26,235
4290,003480,C,113.63,139,1407
4290,01611,B,24.08,116,1186
4290,020109,A,101.46,68,731
4290,080212,A,439.32,182,1893
4290,080212,B,433.45,32,342
4294,003480,C,227.29,2,21
4294,01611,A,248.18,74,660
4294,01611,C,460.52,49,513
4294,01611,D,513.23,149,1504
4294,031779,D,75.32,115,1160
4297,003480,A,573.98,190,1758
4297,003480,C,272.77,122,1253
4297,01611,B,490.68,150,1524
4297,020109,C,420.12,147,1478
4297,031779,C,138.68,135,1165
4297,080212,B,393.49,120,1089
4297,080212,D,156.76,66,587
4305,003480,C,73.97,81,765
4305,01611,A,581.97,51,461
4305,01611,C,393.06,53,453
4305,01611,D,218.45,150,1356
4305,020109,A,407.38,108,1020
4305,031779,B,17.18,141,1380
4305,080212,A,330.17,33,341
4305,080212,B,565.41,200,2141
4305,080212,D,6.13,151,1539
4314,003480,B,185.35,46,436
4314,003480,C,326.65,179,1921
4314,01611,A,561.12,64,637
4314,01611,C,263.38,130,1265
4314,01611,D,489.33,124,1229
4314,031779,B,295.98,187,1982
4314,080212,C,450.77,26,270
4317,003480,A,95.78,161,1366
4317,01611,B,68.26,111,972
4317,020109,A,192.16,144,1425
4317,020109,C,590.28,177,1729
4317,031779,A,495.44,155,1324
4317,031779,B,405.67,172,1572
4317,031779,D,43.47,183,1960
4317,080212,C,255.01,11,111
4330,003480,A,523.96,24,203
4330,003480,B,529.86,170,1695
4330,003480,D,410.28,143,1266
4330,01611,C,520.99,196,1692
4330,020109,C,518.22,47,414
4330,031779,C,582.98,182,1640
4330,080212,B,256.21,180,1547
4335,003480,A,19.78,158,1394
4335,003480,B,464.49,29,282
4335,01611,A,303.03,81,693
4335,01611,B,666.57,114,1209
4335,01611,C,39.36,38,367
4335,031779,A,17.99,54,503
4335,031779,B,568.03,60,607
4335,031779,C,455.81,24,227
4339,003480,B,81.62,75,751
4339,01611,C,384.51,54,507
4339,020109,A,6.22,85,794
4339,031779,C,625.51,151,1614
4339,080212,B,583.06,90,860
4339,080212,D,224.85,147,1310
4347,003480,B,482.95,73,745
4347,003480,C,550.59,165,1541
4347,01611,A,447.00,26,249
4347,01611,D,69.74,139,1221
4347,031779,A,160.17,170,1633
4347,080212,B,40.72,173,1585
4364,003480,B,727.88,133,1312
4364,01611,A,424.10,164,1413
4364,020109,C,214.17,46,412
4364,031779,A,21.57,135,1227
4364,031779,C,675.63,168,1558
4364,031779,D,696.70,164,1395
4369,003480,A,153.76,8,72
4369,01611,A,488.58,27,261
4369,01611,B,250.94,111,1034
4369,01611,D,582.06,98,1040
4369,020109,A,264.86,116,1101
4369,031779,B,705.74,63,597
4371,003480,A,560.91,148,1485
4371,003480,B,547.69,149,1483
4371,003480,C,268.91,35,310
4371,003480,D,379.94,40,363
4371,01611,A,583.39,84,862
4371,01611,C,657.74,12,129
4371,031779,B,25.65,29,245
4374,003480,B,13.32,72,686
4374,003480,C,511.93,192,2066
4374,01611,A,580.97,198,1700
4374,031779,B,429.08,143,1509
4374,031779,C,620.80,178,1602
4374,080212,B,191.90,189,1755
4374,080212,C,191.32,58,590
4384,01611,B,337.01,57,586
4384,01611,C,665.53,44,375
4384,01611,D,15.22,40,432
4384,020109,A,290.73,18,153
4384,031779,B,368.14,52,510
4384,031779,D,365.80,78,704
4384,080212,C,151.72,140,1487
4395,003480,A,548.56,106,1023
4395,003480,D,467.37,7,72
4395,031779,B,540.90,24,223
4395,031779,C,567.87,65,687
4395,080212,B,777.60,73,660
4395,080212,C,595.18,160,1374
4395,080212,D,548.19,54,518
4396,003480,A,80.25,4,37
4396,01611,C,70.31,18,188
4396,031779,B,172.69,125,1069
4396,031779,C,595.14,98,991
4396,080212,A,272.80,130,1286
4396,080212,B,193.44,82,720
4396,080212,C,448.24,5,47
4400,003480,C,81.38,195,1914
4400,01611,A,412.86,138,1209
4400,01611,C,638.83,65,640
4400,020109,B,57.74,183,1773
4400,080212,A,138.91,120,1151
4400,080212,B,128.52,45,451
4400,080212,D,135.89,112,1110
4403,003480,A,211.28,171,1505
4403,003480,B,553.95,158,1556
4403,003480,C,735.74,161,1663
4403,003480,D,424.00,39,348
4403,01611,A,429.69,107,1111
4403,020109,B,211.01,114,1003
4403,020109,C,657.58,70,701
4403,020109,D,277.95,56,551
4406,01611,A,12.25,55,549
4406,01611,C,205.29,154,1620
4406,020109,A,616.02,173,1716
4406,020109,C,98.20,176,1750
4406,020109,D,601.58,148,1420
4406,080212,A,157.29,168,1485
4408,003480,C,317.57,5,43
4408,01611,A,461.77,1,10
4408,01611,B,542.32,161,1441
4408,01611,D,501.19,155,1506
4408,020109,C,89.85,169,1728
4408,080212,A,313.64,170,1692
4408,080212,B,524.50,27,239
4408,080212,D,145.61,64,583
4415,003480,B,819.97,128,1323
4415,003480,C,235.54,171,1696
4415,003480,D,435.35,8,85
4415,01611,A,118.35,105,1078
4415,01611,B,712.44,134,1291
4415,01611,C,23.32,172,1452
4415,020109,B,730.03,30,303
4415,020109,D,90.32,79,664
4415,031779,B,224.27,35,360
4415,031779,C,43.00,42,356
4415,080212,A,527.70,164,1653
4416,003480,B,268.51,64,666
4416,003480,D,794.08,140,1213
4416,01611,B,654.17,187,1844
4416,01611,D,198.43,148,1303
4416,031779,C,412.45,110,1150
4416,080212,C,230.96,103,872
4418,01611,C,482.80,176,1799
4418,020109,B,513.42,149,1294
4418,020109,C,660.41,135,1151
4418,080212,B,761.46,10,89
4418,080212,C,685.04,157,1639
4418,080212,D,737.01,108,961
4419,003480,C,42.49,88,761
4419,01611,B,647.29,7,72
4419,01611,C,198.13,61,626
4419,020109,A,1.24,8,73
4419,020109,C,750.74,143,1371
4419,031779,A,495.99,82,805
4419,031779,B,152.95,160,1718
4419,080212,A,336.80,154,1345
4419,080212,B,208.54,38,329
4419,080212,C,738.90,2,17
4429,01611,A,678.00,79,831
4429,01611,B,666.74,49,480
4429,020109,A,640.20,197,1734
4429,020109,B,683.80,36,368
4429,031779,B,759.73,8,81
4429,080212,B,780.30,128,1286
4429,080212,C,639.71,8,69
4430,003480,A,742.23,13,121
4430,003480,B,189.05,29,297
4430,003480,D,109.56,117,1248
4430,01611,B,580.57,188,1968
4430,020109,A,390.35,162,1725
4430,020109,B,736.54,80,812
4430,020109,D,46.71,98,867
4442,003480,B,871.60,125,1129
4442,003480,D,710.66,190,1845
4442,01611,B,280.61,24,256
4442,01611,C,724.05,134,1330
4442,01611,D,95.17,109,963
4442,031779,D,581.27,21,222
4444,003480,B,526.46,74,793
4444,01611,B,153.25,29,265
4444,01611,C,590.20,166,1633
4444,031779,C,261.26,78,656
4444,080212,A,195.30,163,1525
4444,080212,B,82.35,149,1571
4444,080212,C,31.79,161,1624
4447,003480,A,344.15,104,1016
4447,01611,B,735.06,192,1635
4447,01611,D,696.52,177,1531
4447,020109,A,741.64,64,633
4447,031779,C,221.98,48,405
4447,080212,A,429.15,174,1785
4447,080212,D,729.43,196,1804
4448,003480,B,357.55,91,958
4448,01611,B,222.74,185,1985
4448,020109,A,673.23,180,1899
4448,020109,B,817.53,171,1630
4448,020109,D,335.67,174,1573
4448,031779,B,39.89,107,1048
4448,080212,A,377.21,108,1119
4454,003480,A,578.63,128,1271
4454,003480,C,273.16,1,10
4454,003480,D,742.45,143,1364
4454,01611,A,555.05,12,119
4454,01611,B,822.76,126,1298
4454,01611,C,498.40,119,1124
4454,020109,C,206.69,105,1068
4454,020109,D,644.95,24,222
4454,031779,A,307.46,170,1770
4454,031779,C,409.24,190,1626
4454,080212,B,880.32,172,1490
4455,003480,B,253.10,166,1734
4455,003480,D,274.92,118,1164
4455,01611,A,585.39,124,1205
4455,01611,B,527.31,181,1704
4455,01611,D,22.68,169,1487
4455,020109,A,694.95,178,1783
4455,020109,B,269.47,143,1214
4455,031779,C,40.32,70,655
4455,080212,B,412.60,135,1209
4455,080212,C,164.62,159,1385
4460,003480,B,810.59,138,1287
4460,01611,A,401.30,61,578
4460,01611,B,823.43,137,1295
4460,020109,B,23.90,62,637
4460,020109,D,499.52,168,1702
4460,031779,A,801.01,72,645
4461,003480,C,82.91,128,1382
4461,01611,A,853.73,144,1327
4461,01611,C,504.09,43,456
4461,01611,D,193.41,104,986
4461,031779,C,354.77,159,1445
4461,080212,A,195.48,158,1550
4461,080212,D,589.11,18,179
4469,003480,A,171.20,108,1056
4469,003480,B,840.00,3,31
4469,01611,A,788.75,153,1596
4469,020109,B,605.67,152,1311
4469,020109,C,478.87,116,975
4469,020109,D,329.66,181,1717
4469,031779,B,708.85,96,878
4480,003480,B,540.97,147,1494
4480,003480,C,214.59,18,153
4480,01611,A,440.69,0,0
4480,020109,B,393.79,103,925
4480,031779,C,501.31,99,1042
4480,031779,D,237.68,85,806
4483,003480,B,144.27,5,45
4483,003480,C,622.80,130,1331
4483,01611,A,31.47,143,1477
4483,01611,C,187.50,121,1255
4483,020109,B,165.91,84,783
4483,020109,C,877.77,96,850
4483,080212,B,152.40,96,990
4489,003480,B,87.10,138,1301
4489,003480,C,267.25,190,2039
4489,01611,C,723.13,76,764
4489,01611,D,3.58,138,1435
4489,020109,C,448.07,134,1399
4489,031779,A,901.13,140,1192
4489,080212,A,298.73,62,584
4491,003480,A,185.53,81,742
4491,003480,B,897.02,169,1689
4491,003480,C,296.32,158,1366
4491,01611,B,167.69,152,1386
4491,031779,A,25.63,52,546
4491,031779,B,42.37,112,1199
4491,080212,B,860.79,122,1064
4496,003480,C,81.28,130,1212
4496,01611,B,265.34,40,390
4496,020109,A,268.91,84,857
4496,020109,B,736.61,39,357
4496,031779,A,390.87,58,603
4496,031779,C,343.93,108,995
4496,031779,D,976.23,187,1898
4496,080212,A,419.15,32,325
4497,003480,B,650.60,165,1447
4497,01611,B,386.71,130,1116
4497,020109,A,922.49,30,303
4497,020109,B,791.82,24,224
4497,020109,D,306.97,116,1062
4497,031779,A,963.12,100,888
4497,031779,B,37.68,177,1892
4497,080212,B,40.37,10,96
4531,003480,B,942.92,62,648
4531,003480,D,906.48,73,624
4531,020109,A,50.77,134,1358
4531,020109,C,1028.61,26,264
4531,020109,D,832.24,134,1404
4540,003480,C,364.69,75,689
4540,01611,C,93.43,153,1503
4540,01611,D,239.93,116,1205
4540,020109,B,680.69,130,1291
4540,020109,C,43.45,22,216
4540,031779,A,1025.44,12,128
4540,080212,B,848.91,25,211
4545,003480,A,57.91,118,1255
4545,003480,B,95.74,38,384
4545,003480,D,811.18,182,1898
4545,01611,C,202.94,68,704
4545,020109,C,436.71,143,1442
4545,031779,C,508.15,127,1197
4545,031779,D,883.97,121,1113
4545,080212,A,60.08,42,436
4545,080212,B,914.85,166,1586
4547,003480,B,440.02,45,455
4547,003480,D,744.52,115,1078
4547,020109,C,236.26,137,1265
4547,020109,D,196.12,58,498
4547,031779,C,228.39,48,514
4547,080212,A,986.15,143,1269
4547,080212,C,440.49,7,61
4549,003480,C,492.58,174,1801
4549,01611,C,788.03,57,584
4549,01611,D,761.62,78,820
4549,031779,B,191.51,124,1283
4549,031779,C,777.51,90,808
4549,080212,A,883.22,153,1616
4549,080212,B,611.98,35,339
4553,003480,B,1038.18,28,255
4553,01611,A,972.35,22,225
4553,020109,B,848.81,97,1030
4553,020109,C,1004.98,152,1332
4553,080212,A,133.00,41,393
4553,080212,C,254.48,154,1622
4553,080212,D,1.61,4,42
4560,003480,A,258.59,143,1289
4560,003480,B,884.12,101,918
4560,01611,C,826.28,186,1769
4560,01611,D,581.64,111,986
4560,020109,C,249.40,117,1195
4560,031779,D,50.08,83,846
4560,080212,B,171.26,78,737
4560,080212,C,292.27,114,1180
4560,080212,D,342.33,99,929
4562,003480,C,447.33,88,753
4562,01611,A,181.83,126,1315
4562,01611,C,994.00,67,672
4562,020109,A,548.26,89,921
4562,020109,C,316.21,174,1571
4562,031779,B,1077.99,50,435
4562,031779,C,70.62,172,1707
4562,031779,D,621.25,177,1674
4562,080212,A,258.07,165,1636
4562,080212,C,978.36,34,290
4564,003480,A,484.41,115,1227
4564,003480,C,644.94,66,586
4564,01611,A,829.02,95,832
4564,020109,B,967.65,52,445
4564,020109,C,510.19,52,547
4564,020109,D,734.28,35,304
4564,031779,A,184.26,67,662
4570,003480,A,531.67,63,632
4570,020109,A,258.53,17,175
4570,020109,B,1131.39,109,1122
4570,020109,D,256.37,117,1177
4570,031779,B,82.69,37,385
4570,080212,B,473.71,112,985
4570,080212,C,743.38,86,851
4582,003480,C,320.30,77,652
4582,01611,C,1022.65,134,1132
4582,020109,B,65.06,57,542
4582,020109,C,377.23,128,1201
4582,031779,A,64.84,134,1192
4582,031779,B,508.95,132,1228
4582,031779,C,622.83,127,1185
4585,003480,A,253.75,68,593
4585,003480,B,974.35,10,85
4585,01611,C,782.59,37,358
4585,020109,B,635.33,65,604
4585,020109,C,997.96,45,438
4585,031779,A,196.59,13,126
4585,080212,C,649.08,184,1766
4586,003480,A,248.77,114,1166
4586,003480,D,822.60,70,660
4586,01611,B,742.79,101,982
4586,020109,A,445.32,161,1366
4586,080212,A,956.50,124,1101
4586,080212,D,816.67,70,661
4588,003480,C,493.36,139,1421
4588,020109,A,633.28,63,656
4588,020109,B,930.49,137,1470
4588,020109,C,174.98,89,839
4588,031779,A,422.09,95,994
4588,031779,B,567.23,101,934
4588,031779,C,489.28,57,562
4600,003480,A,73.02,5,53
4600,003480,B,1090.59,89,921
4600,003480,D,419.25,171,1523
4600,01611,B,734.92,27,273
4600,01611,C,938.85,28,263
4600,020109,B,307.27,21,198
4600,031779,C,731.68,106,901
4600,080212,C,717.46,42,357
4601,003480,B,372.53,106,1045
4601,003480,C,760.92,149,1453
4601,020109,A,843.85,121,1083
4601,031779,A,418.30,142,1458
4601,031779,B,1181.02,181,1680
4601,031779,C,1095.93,51,522
4601,031779,D,1098.39,172,1845
4601,080212,B,1122.60,59,548
4604,003480,C,73.37,148,1420
4604,01611,A,790.58,45,428
4604,01611,B,593.17,135,1422
4604,01611,D,344.79,70,619
4604,020109,B,156.35,111,1186
4604,020109,C,358.91,67,698
4604,031779,A,344.29,172,1734
4604,080212,B,113.19,19,188
4606,003480,B,977.05,151,1319
4606,003480,C,679.60,55,521
4606,01611,A,303.92,60,528
4606,01611,D,236.78,29,275
4606,020109,B,840.72,34,324
4606,020109,C,92.74,69,692
4606,031779,A,1014.90,59,496
4606,080212,A,585.83,158,1675
4606,080212,C,971.72,157,1348
4608,003480,B,734.28,194,1697
4608,003480,D,77.97,183,1819
4608,01611,A,540.06,13,130
4608,020109,B,275.99,148,1503
4608,020109,C,756.55,53,555
4608,020109,D,233.81,104,1122
4608,031779,C,783.71,74,635
4608,080212,C,103.97,183,1664
4613,003480,A,347.30,195,1884
4613,01611,B,1214.71,110,1050
4613,01611,C,981.84,186,1954
4613,020109,C,336.12,74,694
4613,020109,D,199.01,107,1069
4613,031779,A,33.21,194,1792
4613,031779,B,650.14,38,393
4613,031779,C,829.69,145,1533
4613,031779,D,1093.80,174,1479
4613,080212,A,729.09,71,669
4613,080212,D,726.45,188,1629
4615,003480,A,640.12,49,429
4615,01611,C,341.22,142,1432
4615,031779,B,1043.29,158,1533
4615,031779,C,403.86,110,1088
4615,031779,D,796.38,71,611
4615,080212,B,1220.20,33,317
4617,003480,A,824.30,173,1600
4617,003480,C,737.93,38,382
4617,003480,D,130.81,128,1188
4617,01611,B,691.28,111,1191
4617,01611,D,868.66,2,19
4617,020109,B,1052.41,118,1021
4617,031779,A,270.74,83,855
4617,031779,C,96.23,70,671
4617,031779,D,1.98,158,1521
4617,080212,C,1175.92,0,0
4623,003480,C,355.22,36,367
4623,003480,D,137.40,7,72
4623,01611,A,717.94,27,243
4623,01611,B,638.62,62,580
4623,01611,D,293.19,129,1289
4623,020109,C,450.50,132,1313
4623,031779,B,534.84,199,2107
4624,01611,A,966.95,155,1567
4624,01611,B,136.51,94,999
4624,020109,A,1160.56,114,1005
4624,020109,C,180.55,128,1309
4624,031779,B,679.39,92,830
4624,031779,D,1190.50,76,741
4624,080212,C,103.13,49,433
4627,003480,B,570.99,179,1841
4627,01611,B,906.89,83,843
4627,01611,C,354.52,29,292
4627,020109,B,653.49,91,976
4627,020109,D,309.29,25,219
4627,080212,A,262.33,101,918
4627,080212,B,127.60,163,1527
4631,020109,A,413.93,31,327
4631,020109,D,580.50,164,1445
4631,031779,A,713.57,120,1150
4631,031779,B,632.02,47,485
4631,031779,C,615.85,2,20
4631,080212,A,921.72,122,1282
4631,080212,C,1206.99,101,1079
4635,003480,B,1105.62,131,1248
4635,01611,A,584.80,24,259
4635,01611,C,1051.56,159,1421
4635,01611,D,551.45,47,489
4635,031779,A,871.25,88,779
4635,031779,C,161.48,117,1108
4635,031779,D,857.80,71,755
4635,080212,C,935.37,188,1878
4638,01611,A,315.07,31,329
4638,01611,B,271.60,69,722
4638,01611,C,1029.85,132,1209
4638,01611,D,244.60,62,544
4638,020109,A,1140.96,174,1643
4638,020109,B,424.83,178,1793
4638,080212,A,1072.00,7,67
4644,003480,A,955.02,52,478
4644,003480,B,88.91,102,1039
4644,01611,A,1245.02,141,1467
4644,020109,A,877.37,3,28
4644,020109,B,253.65,140,1299
4644,031779,A,1189.96,1,9
4644,031779,C,1200.54,64,667
4646,003480,B,571.64,104,908
4646,003480,C,1134.10,138,1467
4646,003480,D,352.17,133,1240
4646,01611,B,173.36,191,1895
4646,01611,C,632.77,186,1845
4646,031779,B,1066.18,41,402
4646,080212,B,259.67,153,1361
4656,003480,A,991.09,29,273
4656,003480,B,256.46,54,484
4656,003480,C,515.47,154,1434
4656,020109,C,922.13,183,1922
4656,031779,A,523.54,180,1607
4656,031779,C,74.47,115,1083
4656,031779,D,298.90,25,265
4656,080212,B,12.28,32,275
4657,01611,B,724.67,43,419
4657,020109,C,857.87,199,1927
4657,031779,A,411.52,120,1041
4657,031779,C,940.92,87,913
4657,031779,D,961.95,127,1347
4657,080212,A,1172.60,159,1520
4657,080212,B,514.15,49,513
4657,080212,C,1031.38,98,1031
4659,003480,B,218.51,27,261
4659,003480,C,1087.85,91,947
4659,01611,B,1273.50,136,1464
4659,01611,C,176.43,92,788
4659,020109,A,786.19,182,1871
4659,031779,B,1090.71,91,888
4659,080212,B,510.20,175,1594
4662,003480,B,1255.01,140,1180
4662,003480,C,667.33,199,2091
4662,020109,A,623.95,56,472
4662,020109,C,218.70,19,170
4662,031779,A,509.28,148,1576
4662,031779,B,1052.62,173,1682
4662,031779,C,71.62,167,1648
4677,003480,A,1037.68,36,380
4677,003480,B,1102.23,102,1066
4677,003480,C,58.50,53,479
4677,01611,A,980.59,98,924
4677,01611,D,166.29,170,1646
4677,020109,A,466.19,139,1225
4677,031779,A,358.39,122,1187
4677,031779,B,710.03,98,1033
4677,080212,A,269.87,156,1600
4679,01611,A,311.00,29,261
4679,020109,B,855.93,91,854
4679,031779,C,888.40,17,161
4679,080212,A,722.04,129,1145
4679,080212,B,625.71,75,806
4679,080212,C,324.38,104,991
4679,080212,D,1032.17,29,282
4682,003480,B,135.74,96,944
4682,003480,D,472.73,98,1056
4682,01611,B,549.67,6,56
4682,01611,C,1042.23,3,28
4682,020109,B,1268.28,90,911
4682,020109,D,441.89,122,1119
4682,031779,C,1027.11,105,999
4683,003480,B,119.32,126,1265
4683,003480,C,32.32,73,779
4683,01611,A,441.76,156,1674
4683,020109,A,430.82,23,240
4683,020109,B,897.08,193,1641
4683,020109,C,403.05,129,1349
4683,031779,C,586.30,70,604
4690,003480,B,1287.14,118,1187
4690,003480,C,579.83,43,387
4690,01611,A,571.94,136,1226
4690,01611,B,455.72,127,1304
4690,01611,D,503.93,50,538
4690,020109,C,1351.85,56,557
4690,020109,D,570.28,170,1660
4690,031779,A,213.34,4,36
4690,080212,A,1030.23,36,386
4690,080212,B,5.69,139,1268
4690,080212,D,235.43,78,741
4704,003480,A,1370.09,31,328
4704,003480,C,1215.90,32,309
4704,01611,B,1152.36,81,720
4704,01611,C,707.71,36,348
4704,01611,D,149.36,45,471
4704,020109,A,1289.22,92,814
4704,020109,C,64.13,48,509
4710,003480,B,249.84,114,962
4710,003480,C,953.13,146,1358
4710,01611,A,1124.00,194,1926
4710,020109,B,84.14,146,1245
4710,031779,B,1038.91,36,321
4710,031779,C,271.49,179,1757
4710,080212,B,924.38,135,1368
4710,080212,C,102.02,118,1181
4714,003480,A,319.35,154,1650
4714,003480,B,153.40,57,481
4714,003480,C,691.57,38,399
4714,003480,D,439.49,183,1817
4714,01611,A,1022.53,165,1510
4714,01611,D,1231.83,29,260
4714,080212,B,1321.36,57,480
4729,003480,B,735.78,101,855
4729,003480,C,843.25,92,927
4729,01611,B,174.80,164,1712
4729,020109,B,644.03,165,1530
4729,031779,A,605.18,85,851
4729,080212,B,1159.05,15,146
4729,080212,D,1237.99,167,1534
4741,003480,B,54.46,32,321
4741,01611,C,1053.38,161,1573
4741,031779,A,916.71,59,637
4741,031779,B,827.15,69,661
4741,031779,C,529.42,196,2049
4741,031779,D,502.35,164,1543
4741,080212,B,1381.60,105,958
4746,003480,B,1419.60,93,992
4746,003480,C,1418.32,14,143
4746,031779,A,825.33,186,1950
4746,031779,B,625.22,69,680
4746,031779,C,66.01,178,1805
4746,031779,D,163.48,61,558
4746,080212,A,906.66,142,1531
4748,003480,B,806.33,118,1181
4748,01611,A,1357.20,67,590
4748,020109,A,841.14,157,1683
4748,020109,B,942.58,175,1613
4748,031779,A,1312.63,14,147
4748,031779,C,648.44,156,1453
4748,031779,D,471.90,76,779
4757,003480,B,1147.30,130,1340
4757,01611,A,1012.70,149,1393
4757,01611,C,752.27,150,1528
4757,020109,A,997.13,135,1337
4757,020109,C,1342.15,79,690
4757,031779,B,799.24,12,129
4757,080212,A,766.35,166,1514
4762,01611,D,79.72,81,819
4762,020109,A,301.06,160,1710
4762,020109,C,254.56,102,1015
4762,031779,B,294.90,68,731
4762,031779,C,801.82,136,1161
4765,003480,A,1432.00,54,559
4765,003480,B,134.61,23,240
4765,01611,A,180.52,65,639
4765,01611,D,935.42,135,1366
4765,020109,C,975.23,190,1977
4765,080212,C,214.99,54,479
4767,003480,C,148.94,12,126
4767,01611,B,710.18,87,869
4767,020109,A,867.91,67,644
4767,020109,C,1419.39,13,138
4767,031779,A,580.77,143,1430
4767,031779,C,891.56,85,797
4767,080212,A,1389.90,138,1251
4767,080212,D,970.57,34,366
4769,003480,B,704.49,196,1937
4769,003480,D,1107.22,49,428
4769,020109,A,118.43,38,361
4769,020109,C,519.12,199,1738
4769,031779,C,366.72,185,1669
4769,080212,A,1036.40,115,1149
4771,003480,A,174.53,19,180
4771,003480,B,936.79,43,419
4771,003480,D,491.94,195,1909
4771,01611,A,133.72,10,105
4771,01611,C,225.25,81,815
4771,031779,A,746.58,62,666
4771,031779,B,734.02,123,1286
4777,003480,C,1320.69,50,483
4777,01611,C,1055.72,118,1001
4777,020109,A,1506.24,88,935
4777,020109,C,1424.03,116,1011
4777,031779,C,872.04,20,169
4777,080212,A,22.40,37,351
4777,080212,B,597.78,110,1107
4778,003480,B,407.67,173,1583
4778,01611,A,907.35,7,63
4778,01611,C,1160.79,49,493
4778,020109,A,538.90,74,671
4778,020109,C,739.80,58,497
4778,031779,B,700.44,100,862
4778,031779,C,145.26,192,1906
4781,003480,C,580.38,77,737
4781,01611,C,1383.48,75,787
4781,020109,A,764.19,87,733
4781,031779,A,1298.20,40,360
4781,031779,C,594.68,96,1032
4781,080212,A,819.48,18,181
4781,080212,C,11.15,126,1183
4782,003480,A,68.50,156,1474
4782,003480,C,172.77,15,160
4782,01611,C,555.88,95,862
4782,031779,C,842.03,68,617
4782,080212,C,1505.52,85,911
4782,080212,D,386.85,47,480
4783,003480,B,834.73,65,698
4783,003480,C,682.44,137,1390
4783,020109,C,299.13,19,173
4783,020109,D,732.47,5,43
4783,031779,C,724.60,37,375
4783,080212,A,1351.76,133,1288
4783,080212,C,150.81,72,676
4798,003480,A,687.71,137,1390
4798,003480,B,1014.95,193,1834
4798,003480,C,932.66,51,499
4798,003480,D,777.62,101,1052
4798,01611,A,1122.57,111,1154
4798,020109,C,833.18,81,856
4798,080212,B,385.69,38,331
4799,003480,A,934.62,60,573
4799,003480,D,111.93,9,79
4799,01611,A,450.95,36,361
4799,01611,D,533.16,57,514
4799,031779,A,588.49,187,1915
4799,031779,B,799.19,102,1037
4799,031779,C,775.62,44,461
4811,01611,A,1580.94,125,1341
4811,031779,B,225.91,0,0
4811,080212,B,602.33,103,1094
4811,080212,C,1241.50,95,860
4816,003480,B,1622.94,176,1578
4816,01611,B,1500.48,28,265
4816,020109,A,1561.46,74,723
4816,020109,C,893.52,4,38
4816,020109,D,197.27,162,1493
4816,031779,A,1052.42,52,532
4816,080212,B,68.93,6,54
4823,003480,C,966.73,101,882
4823,01611,B,425.26,53,477
4823,01611,C,1427.65,111,1193
4823,031779,B,394.77,168,1524
4823,031779,C,166.02,122,1028
4823,031779,D,69.81,4,42
4823,080212,A,36.95,161,1361
4823,080212,B,373.78,36,350
4828,003480,A,449.39,135,1416
4828,003480,C,1406.37,85,911
4828,003480,D,510.43,46,405
4828,01611,A,1062.55,25,243
4828,01611,B,524.99,10,92
4828,01611,C,984.34,8,72
4828,020109,C,134.33,141,1438
4828,031779,A,617.43,102,1043
4828,031779,B,349.26,66,560
4828,031779,D,708.53,191,1690
4828,080212,A,1512.19,31,303
4828,080212,B,1653.10,200,2113
4831,003480,B,1516.06,87,812
4831,003480,C,242.78,181,1724
4831,020109,A,1463.67,129,1362
4831,020109,B,86.85,94,887
4831,020109,C,1646.27,149,1553
4831,031779,B,589.94,200,1702
4831,031779,D,1263.74,161,1637
4847,01611,A,552.60,39,372
4847,01611,B,629.69,90,965
4847,01611,C,82.41,41,406
4847,031779,A,1254.66,79,759
4847,080212,B,899.33,180,1559
4847,080212,C,454.08,131,1132
4847,080212,D,1186.37,94,975
4851,003480,B,411.34,127,1290
4851,003480,D,960.07,197,2032
4851,01611,A,1488.65,101,968
4851,020109,B,734.94,105,1020
4851,080212,A,974.61,5,44
4852,003480,B,76.96,112,1040
4852,003480,C,429.23,90,971
4852,003480,D,431.25,13,138
4852,01611,B,1031.01,72,710
4852,020109,A,1089.52,101,1035
4852,080212,A,333.51,149,1539
4858,01611,A,20.95,48,477
4858,01611,C,447.63,79,813
4858,01611,D,628.55,133,1410
4858,020109,A,462.45,18,156
4858,020109,B,973.72,168,1668
4858,031779,A,1662.75,45,432
4858,031779,B,643.07,101,896
4858,031779,D,1111.53,7,68
4860,003480,B,1124.81,165,1695
4860,01611,A,68.96,39,414
4860,01611,C,494.72,73,729
4860,01611,D,342.65,42,370
4860,020109,B,1457.29,67,577
4860,031779,B,1005.76,180,1528
4860,080212,A,792.34,160,1457
4860,080212,B,403.01,62,633
4860,080212,C,948.32,85,762
4874,003480,D,1099.75,189,1714
4874,01611,B,331.39,111,1144
4874,031779,A,176.17,7,71
4874,031779,C,1081.54,27,236
4874,080212,B,1055.56,117,992
4877,003480,A,4.55,22,216
4877,020109,A,994.25,105,935
4877,020109,C,1218.69,90,914
4877,080212,C,1090.32,163,1659
4877,080212,D,550.62,2,17
4880,003480,A,1497.07,100,1056
4880,01611,A,1073.47,62,668
4880,020109,A,1327.61,125,1099
4880,031779,A,1314.67,63,533
4880,031779,B,1203.95,30,290
4880,080212,A,642.22,105,1112
4880,080212,D,1751.85,75,654
4886,003480,B,586.51,22,208
4886,003480,C,1693.22,126,1179
4886,020109,A,155.39,196,1929
4886,020109,B,508.72,44,422
4886,020109,D,1026.21,81,694
4886,080212,B,809.88,18,154
4886,080212,C,133.96,109,1066
4892,003480,B,1321.15,12,122
4892,01611,B,530.65,184,1822
4892,020109,A,1627.17,45,472
4892,031779,A,1332.07,199,2107
4892,031779,C,1720.18,69,688
4892,031779,D,1691.74,196,1652
4892,080212,A,1718.73,6,56
4905,003480,A,1699.95,114,1161
4905,003480,B,1234.07,133,1263
4905,003480,C,1677.03,195,2086
4905,01611,B,433.63,96,832
4905,01611,C,140.38,184,1946
4905,020109,C,1620.09,182,1803
4905,080212,A,912.49,176,1724
4905,080212,C,313.47,55,473
4912,003480,C,663.08,111,1097
4912,003480,D,1079.06,55,553
4912,01611,A,1150.34,42,424
4912,01611,D,970.43,10,95
4912,020109,A,263.58,82,864
4912,031779,D,1677.42,56,525
4912,080212,A,705.19,37,331
4914,003480,B,1330.87,175,1604
4914,003480,D,603.14,115,1106
4914,01611,C,72.57,135,1272
4914,01611,D,1478.56,9,78
4914,020109,A,661.11,96,810
4914,031779,C,254.11,195,1958
4914,080212,A,581.49,22,206
4918,003480,C,130.93,151,1410
4918,003480,D,468.48,6,59
4918,01611,B,1325.57,64,546
4918,01611,C,1131.17,18,176
4918,020109,A,1322.23,171,1582
4918,020109,C,963.95,22,222
4918,031779,B,184.05,68,574
4923,01611,C,1653.83,108,912
4923,020109,B,394.14,142,1282
4923,020109,C,544.93,115,1212
4923,020109,D,666.55,83,815
4923,031779,B,1704.67,178,1677
4923,031779,C,456.50,67,634
4923,080212,B,501.12,97,859
4923,080212,C,428.76,83,723
4924,003480,A,1218.30,85,892
4924,01611,C,197.10,198,1710
4924,020109,B,1562.37,56,592
4924,031779,A,200.50,107,1009
4924,031779,D,1005.50,52,464
4927,003480,A,1098.93,114,1028
4927,003480,B,342.88,31,320
4927,003480,D,166.89,77,749
4927,01611,A,412.06,171,1750
4927,01611,C,1557.86,86,802
4927,020109,B,1488.97,138,1285
4927,020109,C,315.73,29,305
4927,020109,D,371.92,159,1552
4927,031779,D,1309.44,101,898
4927,080212,A,1050.64,37,329
4934,01611,C,332.83,198,1756
4934,020109,A,598.07,8,86
4934,020109,B,817.72,61,545
4934,020109,C,638.99,160,1655
4934,020109,D,1519.53,179,1580
4934,080212,C,377.93,38,375
4936,003480,C,512.13,91,898
4936,01611,D,1704.91,121,1114
4936,020109,A,1436.51,127,1080
4936,031779,C,588.57,35,348
4936,080212,C,552.84,177,1560
4936,080212,D,1231.89,85,751
4939,003480,B,505.75,126,1306
4939,003480,C,1590.06,177,1617
4939,01611,A,327.58,171,1753
4939,01611,D,1220.42,177,1830
4939,020109,B,1588.59,176,1554
4939,020109,C,567.98,58,607
4939,080212,B,60.86,8,70
4940,003480,A,201.78,197,1733
4940,01611,C,459.69,132,1299
4940,01611,D,162.64,174,1672
4940,020109,A,111.98,161,1425
4940,020109,B,1057.37,74,652
4940,020109,C,1109.23,77,744
4940,031779,B,603.09,134,1205
4940,080212,A,1244.27,1,9
4940,080212,C,430.93,184,1618
4940,080212,D,873.31,187,1800
4942,003480,A,418.86,49,415
4942,003480,B,1365.95,115,1038
4942,01611,A,1184.64,122,1044
4942,020109,C,111.84,141,1456
4942,020109,D,207.63,122,1120
4942,031779,B,660.22,77,691
4942,031779,D,1287.04,179,1571
4942,080212,C,259.85,115,1176
4944,003480,B,1832.52,144,1410
4944,01611,A,838.92,137,1446
4944,031779,A,707.63,12,128
4944,031779,B,1522.29,153,1409
4944,080212,D,1590.76,67,659
4946,01611,B,1465.37,179,1583
4946,020109,B,662.82,185,1882
4946,031779,A,1635.05,93,894
4946,080212,A,490.70,87,918
4958,003480,A,359.84,140,1218
4958,01611,A,1092.69,170,1461
4958,01611,B,328.45,56,501
4958,01611,C,467.40,57,504
4958,01611,D,1699.75,181,1533
4958,020109,A,420.11,51,515
4958,020109,B,1549.68,184,1764
4958,020109,D,1834.23,114,1166
4958,031779,A,162.37,15,161
4958,031779,C,1236.43,90,844
4958,031779,D,1480.18,87,875
4958,080212,C,151.29,54,555
4958,080212,D,1391.58,137,1368
4964,003480,A,1155.06,151,1582
4964,01611,C,1070.89,76,796
4964,020109,B,874.59,189,1639
4964,031779,A,838.13,39,390
4964,031779,B,510.42,152,1494
4964,080212,A,109.08,165,1630
4964,080212,D,1834.80,71,713
4973,003480,B,1134.12,173,1578
4973,020109,A,1692.73,70,714
4973,020109,B,1554.90,177,1497
4973,031779,B,1513.91,41,351
4973,031779,D,491.40,0,0
4974,003480,A,1337.17,24,233
4974,01611,A,603.90,34,329
4974,01611,B,247.11,61,592
4974,01611,D,30.51,102,1022
4974,020109,B,892.83,199,1970
4974,031779,A,615.49,144,1379
4974,031779,B,1066.65,184,1885
4974,031779,D,686.10,108,930
4979,003480,A,103.85,131,1322
4979,003480,C,574.62,145,1249
4979,01611,C,850.84,147,1371
4979,01611,D,1674.37,177,1701
4979,031779,B,1505.14,79,787
4979,031779,C,1637.16,65,630
4979,080212,C,565.87,110,1030
4980,003480,A,1282.08,183,1853
4980,003480,C,1769.84,75,775
4980,003480,D,630.67,160,1522
4980,020109,A,1294.76,68,727
4980,020109,B,987.36,183,1782
4980,031779,B,1476.70,164,1449
4980,080212,B,417.31,155,1552
4985,01611,A,1793.56,80,785
4985,01611,B,1063.28,143,1543
4985,020109,A,1566.89,40,414
4985,020109,B,1180.56,182,1875
4985,020109,D,738.36,50,478
4985,031779,A,445.62,137,1182
4985,031779,C,1627.87,125,1342
4985,080212,A,609.85,86,922
4988,003480,C,463.58,19,200
4988,01611,A,1665.08,26,260
4988,01611,D,1790.92,13,119
4988,020109,C,1388.21,100,1049
4988,031779,C,1854.78,176,1581
4988,080212,A,370.92,120,1276
4988,080212,B,1297.57,84,880
4993,003480,A,1360.81,133,1224
4993,003480,B,672.19,172,1537
4993,003480,D,138.46,87,801
4993,020109,B,519.94,172,1569
4993,020109,D,285.13,137,1208
4993,031779,A,1982.31,10,101
4993,031779,C,642.12,48,426
4993,031779,D,109.39,16,149
4993,080212,A,761.71,165,1676
4993,080212,B,1973.22,31,300
4993,080212,D,1660.03,120,1282
4996,003480,A,1188.07,167,1473
4996,003480,B,446.06,147,1392
4996,003480,C,1553.02,52,495
4996,01611,B,14.36,65,671
4996,020109,A,692.35,73,718
4996,031779,A,1023.72,198,1806
4996,031779,B,1967.40,87,830
4996,031779,C,764.49,80,790
4997,003480,A,1204.43,45,385
4997,01611,A,98.47,128,1143
4997,01611,B,1712.46,200,1754
4997,01611,C,1427.69,1,9
4997,020109,B,45.77,119,1276
4997,020109,C,824.45,48,446
4997,031779,B,1346.41,76,765
4997,031779,D,326.69,2,21
4997,080212,A,1974.24,162,1645
4997,080212,B,600.13,55,521
4997,080212,C,425.58,98,915
4997,080212,D,1856.16,163,1693
5011,003480,B,11.00,148,1431
5011,01611,B,0.84,189,1829
5011,01611,C,20.17,16,137
5011,031779,B,11.01,140,1479
5011,031779,C,15.49,153,1377
5011,031779,D,3.87,150,1434
5011,080212,A,1.96,44,438
5012,003480,A,4.94,17,173
5012,003480,B,12.27,99,955
5012,003480,D,3.20,91,891
5012,01611,A,19.17,166,1507
5012,01611,C,15.38,191,2060
5012,080212,A,0.77,40,417
5012,080212,C,14.32,150,1279
5043,01611,B,16.72,37,364
5043,01611,C,34.45,31,290
5043,020109,B,83.04,196,1763
5043,031779,C,41.82,178,1828
5043,080212,A,71.07,29,291
5043,080212,B,8.96,106,1100
5043,080212,C,18.72,13,133
5052,003480,C,1.76,173,1549
5052,020109,A,47.63,137,1476
5052,020109,B,99.77,102,1075
5052,020109,C,99.39,27,276
5052,031779,A,17.57,163,1645
5052,080212,B,41.83,192,1661
5052,080212,D,102.49,28,244
5053,003480,A,49.76,61,610
5053,003480,B,78.73,200,1945
5053,003480,C,79.46,133,1157
5053,003480,D,35.87,180,1887
5053,020109,B,46.81,75,770
5053,031779,C,15.20,24,236
5053,031779,D,52.57,117,1207
5056,003480,A,54.45,72,741
5056,003480,B,38.85,57,568
5056,01611,A,3.90,127,1305
5056,01611,B,30.67,169,1725
5056,01611,C,85.24,148,1592
5056,01611,D,84.49,10,96
5056,020109,B,95.11,66,591
5056,020109,D,106.70,183,1970
5056,031779,A,29.15,179,1746
5056,031779,B,7.53,16,165
5056,031779,D,92.36,3,32
5056,080212,B,105.46,92,821
5059,003480,A,68.87,195,1885
5059,01611,A,24.35,173,1599
5059,01611,B,37.66,105,1043
5059,020109,D,114.99,125,1319
5059,031779,A,90.34,83,726
5059,031779,B,53.18,12,115
5078,003480,A,33.83,118,1104
5078,003480,B,129.82,150,1570
5078,01611,B,133.04,65,693
5078,020109,B,102.49,66,566
5078,020109,C,101.79,83,705
5078,031779,C,30.78,176,1562
5078,080212,B,59.43,195,1874
5080,003480,B,31.35,40,360
5080,003480,C,122.83,112,943
5080,01611,C,6.00,137,1379
5080,01611,D,107.34,140,1482
5080,031779,A,130.38,117,1047
5080,031779,C,30.92,86,792
5084,003480,C,161.83,52,529
5084,020109,A,120.19,167,1512
5084,020109,B,144.18,57,567
5084,031779,A,132.31,48,405
5084,080212,A,116.12,154,1475
5084,080212,B,157.82,83,764
5084,080212,C,77.24,152,1469
5085,003480,B,154.61,68,593
5085,003480,C,0.08,187,1908
5085,003480,D,47.29,44,428
5085,01611,A,4.61,91,772
5085,01611,B,79.11,114,1101
5085,031779,C,31.83,26,232
5085,080212,C,88.67,45,388
5087,003480,A,171.78,61,518
5087,003480,D,162.88,76,783
5087,01611,A,101.09,190,1723
5087,020109,C,34.20,57,535
5087,031779,A,90.49,53,517
5087,080212,B,36.25,6,52
5094,003480,A,75.85,47,402
5094,01611,A,58.71,6,57
5094,01611,C,39.05,0,0
5094,031779,A,21.14,17,146
5094,031779,B,153.55,90,844
5094,031779,C,154.27,124,1327
5094,080212,B,41.09,61,551
5101,01611,B,176.50,101,1030
5101,01611,C,130.98,85,725
5101,020109,A,167.61,59,549
5101,020109,B,100.85,200,1708
5101,020109,C,188.29,160,1611
5101,020109,D,1.26,145,1234
5101,031779,B,65.16,151,1488
5102,003480,A,147.35,7,67
5102,003480,C,76.06,107,1060
5102,003480,D,50.03,25,214
5102,020109,A,50.40,143,1208
5102,031779,B,135.10,152,1337
5102,031779,C,32.69,68,672
5102,080212,C,62.03,94,809
5103,01611,A,191.54,177,1594
5103,01611,B,0.02,130,1307
5103,01611,C,30.08,199,2131
5103,020109,C,200.40,109,1048
5103,031779,B,142.23,161,1549
5103,031779,C,176.51,62,529
5103,080212,A,67.85,177,1861
5107,003480,B,180.22,157,1358
5107,01611,A,80.80,3,29
5107,01611,B,185.25,60,558
5107,01611,D,106.75,79,694
5107,080212,B,149.54,81,781
5107,080212,C,128.14,171,1822
5107,080212,D,93.26,103,892
5108,003480,A,113.28,9,90
5108,003480,B,138.17,124,1082
5108,01611,B,0.24,123,1112
5108,01611,C,199.71,116,992
5108,031779,B,137.33,51,516
5108,031779,D,6.56,82,843
5108,080212,A,15.84,159,1468
5111,01611,A,168.93,17,154
5111,01611,B,157.77,14,145
5111,020109,C,134.92,41,350
5111,031779,A,98.89,30,276
5111,031779,C,144.82,87,885
5111,080212,B,41.29,72,664
5111,080212,C,191.89,18,165
5117,003480,B,220.84,64,688
5117,020109,B,206.42,44,425
5117,031779,A,117.99,95,848
5117,031779,B,114.02,129,1147
5117,031779,D,176.12,98,1036
5117,080212,A,209.77,119,1239
5117,080212,C,199.45,167,1802
5117,080212,D,69.49,103,964
5132,003480,C,164.45,88,946
5132,003480,D,14.29,47,494
5132,020109,B,193.10,9,97
5132,020109,C,21.47,164,1664
5132,020109,D,168.69,192,1725
5132,080212,A,165.44,189,1869
5132,080212,B,136.66,139,1202
5144,003480,B,70.65,34,339
5144,003480,C,236.47,17,143
5144,01611,C,112.16,21,184
5144,01611,D,256.95,17,150
5144,020109,A,77.80,134,1387
5144,031779,A,186.04,57,482
5144,031779,B,38.94,168,1539
5144,031779,C,211.03,97,1021
5144,080212,B,17.23,136,1188
5149,003480,D,158.28,161,1506
5149,020109,A,102.38,113,1033
5149,020109,B,217.50,34,351
5149,031779,B,10.91,8,75
5149,080212,A,252.35,115,1129
5149,080212,D,144.94,82,842
5155,003480,A,35.19,99,980
5155,003480,B,30.39,146,1375
5155,003480,C,234.27,117,1036
5155,01611,B,36.95,44,420
5155,01611,C,64.20,123,1145
5155,031779,A,14.44,81,756
5155,031779,B,76.35,132,1405
5159,003480,A,8.96,196,1754
5159,003480,B,78.09,123,1104
5159,003480,C,218.08,109,1143
5159,01611,B,169.65,171,1793
5159,020109,A,227.06,45,455
5159,020109,B,314.92,102,1046
5159,020109,C,210.03,175,1693
5159,031779,C,97.50,134,1169
5161,01611,C,80.60,39,374
5161,01611,D,120.68,194,1654
5161,020109,B,90.92,96,836
5161,020109,C,306.64,153,1310
5161,031779,B,33.09,10,98
5161,031779,C,122.12,21,192
5161,080212,B,28.47,193,1890
5164,01611,C,256.65,118,1024
5164,020109,C,255.24,189,1834
5164,031779,C,147.57,173,1590
5164,031779,D,320.67,61,584
5166,003480,B,286.59,102,994
5166,01611,B,298.64,162,1655
5166,020109,B,109.38,33,351
5166,080212,C,298.32,33,300
5169,003480,A,165.59,92,871
5169,003480,D,276.67,120,1148
5169,01611,B,274.63,127,1083
5169,01611,C,260.42,25,254
5169,080212,A,141.78,92,852
5169,080212,B,158.41,3,25
5175,01611,A,114.77,191,1812
5175,020109,A,15.13,118,1016
5175,020109,C,51.14,40,363
5175,020109,D,62.96,19,193
5175,080212,A,90.66,2,20
5175,080212,B,26.94,128,1091
5180,003480,B,182.80,73,621
5180,01611,B,72.35,39,386
5180,01611,C,245.15,65,694
5180,01611,D,67.74,187,1683
5180,020109,B,243.54,136,1396
5180,031779,C,44.11,33,290
5180,031779,D,283.63,93,966
5189,003480,C,174.70,7,62
5189,020109,A,146.43,174,1717
5189,020109,B,242.92,67,714
5189,020109,C,42.90,70,735
5189,020109,D,369.71,136,1231
5189,031779,A,338.93,192,1646
5189,031779,C,13.17,94,912
5195,01611,A,39.86,168,1770
5195,01611,B,194.67,103,972
5195,020109,A,85.66,71,761
5195,020109,C,336.01,71,766
5195,031779,A,197.92,86,854
5195,031779,B,57.75,136,1145
5195,080212,A,150.03,83,716
5196,01611,A,180.42,33,314
5196,01611,C,363.09,193,1944
5196,020109,B,57.99,69,731
5196,020109,C,284.90,34,311
5196,080212,A,215.93,11,94
5196,080212,B,337.85,6,60
5196,080212,D,184.23,133,1221
5200,003480,A,102.72,148,1422
5200,003480,C,299.18,30,262
5200,020109,D,35.68,138,1367
5200,080212,A,131.16,153,1513
5200,080212,C,179.81,55,518
5201,003480,B,128.70,121,1079
5201,020109,C,257.05,29,253
5201,020109,D,156.26,117,1070
5201,080212,A,365.19,114,1078
5201,080212,B,68.24,199,2029
5201,080212,D,19.93,143,1493
5208,003480,A,344.07,19,204
5208,003480,B,373.61,33,343
5208,003480,D,227.88,0,0
5208,01611,A,202.46,56,506
5208,01611,B,22.69,187,1660
5208,01611,D,53.81,122,1284
5208,031779,A,80.58,29,288
5209,003480,A,36.54,9,78
5209,003480,B,117.31,54,495
5209,003480,C,368.90,109,1175
5209,003480,D,6.77,70,742
5209,01611,A,127.68,47,423
5209,01611,C,290.71,156,1598
5209,020109,A,188.66,40,367
5209,020109,B,288.69,41,401
5209,020109,D,38.76,66,612
5209,031779,A,52.41,140,1467
5209,031779,D,12.04,95,803
5209,080212,A,341.19,163,1371
5210,01611,A,394.16,77,747
5210,01611,C,342.33,41,350
5210,020109,C,349.33,55,560
5210,031779,A,111.63,127,1148
5210,031779,B,323.89,64,661
5210,031779,D,407.24,3,30
5210,080212,C,239.37,135,1428
5219,003480,A,163.67,79,848
5219,003480,D,126.85,131,1320
5219,01611,B,144.73,51,485
5219,01611,D,94.68,40,419
5219,031779,A,432.65,119,1220
5219,031779,C,244.07,60,623
5220,003480,A,149.57,73,754
5220,003480,C,298.25,87,788
5220,01611,B,416.68,43,433
5220,020109,C,216.61,136,1278
5220,031779,A,367.08,135,1343
5220,080212,A,341.97,10,107
5220,080212,B,201.97,166,1448
5231,003480,C,304.66,37,364
5231,003480,D,351.49,176,1681
5231,020109,A,213.50,74,689
5231,031779,A,287.66,153,1480
5231,031779,B,407.05,38,404
5231,031779,D,292.21,123,1040
5233,003480,A,126.35,25,245
5233,003480,C,364.45,2,18
5233,01611,C,11.37,137,1190
5233,031779,B,19.03,32,288
5233,031779,C,317.98,24,249
5233,031779,D,415.89,95,836
5233,080212,C,105.80,93,916
5243,003480,B,154.78,147,1510
5243,003480,C,251.47,138,1378
5243,003480,D,307.50,98,964
5243,020109,A,430.37,165,1413
5243,020109,B,29.46,172,1543
5243,031779,A,74.30,92,788
5243,031779,B,275.10,110,1105
5243,031779,D,470.30,3,27
5243,080212,A,58.30,24,228
5243,080212,D,265.29,43,387
5244,003480,B,415.12,120,1199
5244,01611,A,373.93,193,1640
5244,01611,C,403.09,55,523
5244,020109,B,167.33,111,1177
5244,031779,A,237.67,163,1504
5244,031779,C,141.11,156,1431
5244,080212,C,388.51,185,1958
5245,003480,C,98.65,50,464
5245,020109,A,197.00,118,1097
5245,020109,C,216.73,192,1867
5245,031779,B,59.53,106,929
5245,080212,B,482.90,42,446
5245,080212,C,370.68,138,1395
5245,080212,D,413.50,120,1225
5247,003480,A,68.30,106,1055
5247,003480,B,312.87,65,686
5247,003480,C,177.03,195,1661
5247,003480,D,285.92,181,1600
5247,031779,A,259.23,172,1664
5247,080212,A,210.10,131,1383
5247,080212,C,125.86,147,1452
5252,003480,A,254.01,162,1538
5252,003480,B,185.16,109,1081
5252,01611,A,144.25,104,1021
5252,01611,B,129.39,37,332
5252,01611,C,423.72,145,1475
5252,020109,A,441.25,167,1745
5252,020109,C,202.79,105,1074
5252,031779,B,89.99,89,878
5253,003480,A,49.66,189,1707
5253,01611,A,23.26,192,1931
5253,020109,B,427.05,24,218
5253,031779,C,178.93,147,1290
5253,080212,A,52.77,99,900
5253,080212,B,461.90,147,1471
5253,080212,D,286.61,65,616
5258,003480,B,340.23,199,1728
5258,01611,B,242.56,61,530
5258,01611,D,201.62,185,1947
5258,020109,A,261.73,198,1679
5258,020109,C,428.79,138,1405
5258,020109,D,120.10,23,242
5258,080212,A,487.40,193,1997
5258,080212,B,144.80,26,262
5260,003480,A,344.63,187,1818
5260,01611,C,30.56,4,39
5260,01611,D,213.75,22,220
5260,020109,A,361.15,29,305
5260,020109,B,277.25,4,39
5260,031779,C,395.82,193,1728
5260,031779,D,470.14,63,626
5260,080212,A,126.13,95,900
5260,080212,C,447.67,62,590
5265,003480,C,218.33,183,1799
5265,01611,A,53.44,116,1135
5265,01611,B,287.82,147,1514
5265,01611,C,261.77,84,719
5265,01611,D,523.29,48,487
5265,020109,A,81.53,87,936
5265,031779,B,4.22,4,35
5265,031779,C,473.66,128,1198
5266,003480,A,105.96,45,406
5266,003480,C,249.04,123,1217
5266,020109,B,527.56,58,577
5266,031779,C,287.09,41,346
5266,080212,A,458.43,15,151
5266,080212,B,272.12,167,1664
5266,080212,D,148.52,105,951
5268,01611,C,256.64,25,227
5268,020109,A,527.80,131,1243
5268,020109,B,460.12,194,1964
5268,031779,A,276.49,134,1204
5268,031779,B,62.67,125,1184
5268,080212,A,62.50,194,1723
5268,080212,B,466.54,14,147
5279,003480,A,129.71,85,896
5279,01611,C,284.38,141,1334
5279,020109,B,511.90,41,386
5279,020109,C,483.02,96,813
5279,031779,B,43.10,29,247
5279,080212,A,3.05,177,1812
5279,080212,D,326.44,71,758
5281,003480,B,114.21,13,121
5281,031779,B,110.47,10,86
5281,031779,C,59.62,47,497
5281,031779,D,217.77,118,1198
5281,080212,B,123.56,126,1291
5281,080212,C,228.15,196,1943
5281,080212,D,246.38,121,1186
5284,003480,B,146.75,159,1492
5284,003480,D,77.18,11,115
5284,01611,A,221.43,31,333
5284,01611,B,324.93,115,1141
5284,01611,D,241.49,156,1678
5284,020109,C,170.58,61,573
5284,031779,A,365.48,51,443
5284,031779,C,153.41,109,1044
5284,080212,B,242.56,52,555
5286,003480,C,482.93,61,544
5286,01611,B,458.23,78,681
5286,01611,C,62.98,43,409
5286,020109,C,308.63,112,968
5286,031779,C,154.16,11,118
5286,080212,B,365.29,183,1815
5286,080212,D,514.21,33,324
5287,003480,C,204.54,23,201
5287,01611,A,531.11,92,993
5287,01611,B,347.95,25,212
5287,01611,C,274.15,186,1888
5287,01611,D,180.88,14,118
5287,020109,A,308.72,75,645
5287,080212,A,301.02,162,1566
5289,003480,A,175.42,56,570
5289,01611,A,455.00,41,423
5289,01611,B,137.12,163,1386
5289,01611,D,88.51,23,198
5289,020109,A,214.94,199,1801
5289,020109,C,536.87,5,47
5289,031779,C,432.48,34,355
5289,080212,C,499.55,133,1359
5301,01611,A,31.45,72,606
5301,020109,B,92.53,114,1128
5301,031779,A,283.39,146,1385
5301,031779,B,572.80,73,690
5301,080212,A,281.99,12,105
5301,080212,C,63.26,65,599
5301,080212,D,243.96,36,369
5309,003480,A,295.14,185,1756
5309,003480,C,236.69,175,1734
5309,01611,B,400.51,66,703
5309,020109,C,499.20,181,1616
5309,020109,D,335.15,108,1093
5309,031779,B,78.96,85,813
5310,003480,B,125.41,172,1639
5310,01611,B,74.31,171,1650
5310,01611,C,520.66,174,1626
5310,020109,A,474.89,180,1804
5310,020109,B,271.63,2,19
5310,031779,A,609.82,52,535
5310,031779,B,527.25,96,937
5310,031779,C,320.79,166,1484
5317,003480,B,202.35,78,722
5317,003480,D,44.92,17,167
5317,01611,A,320.06,195,1951
5317,01611,B,392.57,196,2116
5317,031779,A,285.86,70,737
5324,003480,A,28.17,103,931
5324,003480,B,167.01,124,1065
5324,003480,C,300.92,76,743
5324,01611,A,3.00,197,1674
5324,031779,C,369.22,31,305
5324,080212,C,553.72,24,248
5324,080212,D,408.26,119,1159
5335,01611,C,222.22,126,1069
5335,020109,A,312.49,55,514
5335,020109,B,362.34,150,1512
5335,031779,A,153.99,40,422
5335,031779,B,379.08,156,1655
5335,031779,C,198.51,80,800
5335,080212,B,247.29,35,359
5335,080212,D,541.45,163,1526
5338,003480,A,357.61,164,1522
5338,003480,B,168.74,140,1344
5338,003480,C,454.81,165,1533
5338,01611,B,657.06,34,299
5338,020109,C,121.93,65,680
5338,020109,D,465.23,134,1345
5338,031779,B,88.12,86,868
5345,003480,A,381.80,199,1888
5345,003480,B,114.75,94,921
5345,01611,C,391.47,133,1265
5345,020109,A,548.58,76,648
5345,020109,C,674.16,107,1107
5345,031779,A,503.27,177,1632
5345,031779,B,357.12,62,642
5345,031779,C,318.26,189,1606
5345,031779,D,683.46,45,402
5345,080212,A,642.41,125,1278
5345,080212,B,275.95,169,1493
5346,003480,A,63.36,176,1581
5346,003480,D,0.71,38,321
5346,01611,A,290.47,181,1890
5346,031779,A,344.01,92,833
5346,080212,A,353.32,37,340
5346,080212,B,16.50,18,175
5357,003480,B,551.35,153,1506
5357,003480,C,386.61,127,1345
5357,003480,D,86.46,176,1646
5357,01611,B,431.66,156,1673
5357,020109,A,499.66,97,1034
5357,020109,B,707.71,23,241
5357,020109,D,503.53,159,1422
5357,031779,C,629.79,22,203
5358,003480,A,134.42,16,155
5358,003480,B,33.83,11,103
5358,003480,D,59.20,183,1709
5358,01611,C,241.18,178,1673
5358,031779,A,580.57,28,282
5358,031779,C,518.53,87,761
5358,080212,A,480.00,197,2060
5359,003480,C,486.86,68,614
5359,01611,A,354.28,47,434
5359,01611,C,423.94,60,508
5359,031779,A,303.53,180,1626
5359,031779,B,30.57,6,62
5359,031779,C,345.50,198,2114
5359,080212,A,37.27,2,19
5363,003480,C,496.79,37,324
5363,01611,D,274.67,78,708
5363,020109,B,587.08,58,618
5363,031779,A,144.21,14,125
5363,031779,B,609.54,4,41
5365,003480,C,173.74,147,1472
5365,020109,A,482.25,195,1811
5365,020109,B,199.64,35,298
5365,031779,A,722.58,154,1494
5365,031779,D,270.96,82,760
5372,01611,B,247.23,159,1477
5372,01611,C,253.46,127,1098
5372,031779,C,735.74,54,488
5372,031779,D,193.91,181,1671
5372,080212,B,589.41,66,645
5372,080212,C,551.22,142,1298
5372,080212,D,341.91,83,812
5378,003480,A,422.96,67,592
5378,01611,B,114.40,187,1717
5378,01611,D,692.77,192,2004
5378,020109,A,447.00,12,102
5378,020109,B,336.78,115,1069
5378,020109,C,104.44,50,523
5378,031779,A,83.50,74,784
5378,031779,B,367.22,178,1848
5378,080212,A,494.21,178,1707
5378,080212,C,657.10,28,300
5380,003480,B,640.58,36,312
5380,003480,D,472.56,135,1413
5380,01611,C,524.63,21,203
5380,031779,A,86.43,104,1021
5380,031779,B,465.73,158,1520
5380,031779,C,366.72,9,80
5380,080212,C,48.37,120,1032
5384,020109,B,726.32,40,382
5384,020109,C,93.20,70,616
5384,020109,D,323.75,97,981
5384,031779,A,329.79,185,1969
5384,031779,C,548.31,171,1768
5384,031779,D,621.36,0,0
5384,080212,C,448.18,56,547
5386,003480,B,98.48,88,780
5386,003480,C,178.44,180,1784
5386,003480,D,542.63,166,1735
5386,01611,C,671.42,155,1572
5386,020109,A,343.91,16,148
5386,020109,B,721.19,13,110
5386,020109,D,726.07,142,1526
5386,031779,A,540.08,16,169
5386,031779,B,644.14,66,661
5386,031779,C,322.47,191,1931
5386,080212,B,2.35,35,344
5386,080212,C,106.62,105,1119
5386,080212,D,471.28,131,1352
5389,003480,B,659.32,93,790
5389,020109,B,7.15,23,220
5389,031779,A,25.51,151,1285
5389,080212,A,342.26,83,741
5389,080212,C,136.83,74,773
5389,080212,D,585.55,181,1892
5392,003480,C,658.35,53,508
5392,003480,D,317.05,90,957
5392,01611,B,667.96,52,467
5392,01611,C,731.01,119,1157
5392,020109,B,329.38,160,1533
5392,020109,D,363.02,178,1642
5392,031779,B,464.19,129,1373
5392,031779,C,228.00,49,439
5392,080212,C,715.87,60,618
5400,003480,B,659.37,104,986
5400,01611,A,488.90,150,1355
5400,01611,C,124.23,159,1684
5400,01611,D,791.98,108,967
5400,020109,A,448.14,23,196
5400,031779,C,178.55,136,1417
5401,003480,A,54.36,149,1545
5401,003480,C,21.33,148,1302
5401,003480,D,198.45,52,463
5401,01611,A,659.41,71,690
5401,01611,B,205.87,26,254
5401,020109,A,523.07,15,155
5401,031779,B,120.46,179,1539
5401,080212,C,108.48,71,669
5405,003480,A,662.54,23,234
5405,003480,D,119.62,45,443
5405,01611,A,347.37,70,695
5405,01611,B,488.67,134,1203
5405,020109,B,510.05,94,792
5405,080212,A,267.42,94,896
5405,080212,C,1.22,55,541
5412,003480,A,747.73,198,1690
5412,003480,C,494.35,104,1014
5412,003480,D,453.36,134,1228
5412,031779,B,1.93,60,546
5412,031779,C,579.22,122,1155
5412,031779,D,808.92,152,1478
5412,080212,A,661.30,152,1629
5413,003480,C,677.71,82,855
5413,01611,C,624.29,188,1634
5413,020109,A,321.30,2,19
5413,020109,C,755.88,164,1524
5413,020109,D,562.55,76,663
5415,003480,A,352.65,57,543
5415,003480,B,63.03,98,1001
5415,003480,C,654.28,84,900
5415,003480,D,99.94,126,1313
5415,01611,A,492.39,180,1790
5415,01611,C,547.55,122,1145
5415,020109,A,598.95,16,150
5415,020109,C,161.79,28,297
5415,031779,A,274.18,24,239
5415,031779,C,709.51,189,1593
5418,003480,B,417.28,169,1821
5418,003480,D,340.09,39,386
5418,020109,A,793.23,7,74
5418,031779,A,726.43,3,25
5418,031779,B,585.85,93,913
5427,003480,B,91.01,92,985
5427,01611,B,257.48,172,1838
5427,01611,C,189.51,125,1070
5427,020109,A,3.27,55,512
5427,020109,D,290.37,132,1222
5427,031779,B,71.12,27,283
5436,01611,A,275.08,20,174
5436,01611,D,244.48,47,460
5436,031779,B,206.57,97,1043
5436,031779,C,387.02,148,1493
5436,080212,C,24.28,161,1440
5436,080212,D,770.99,49,425
5437,003480,A,852.71,96,872
5437,003480,D,103.30,116,1069
5437,01611,A,827.86,40,421
5437,01611,B,242.91,176,1725
5437,01611,C,681.25,10,93
5437,01611,D,5.72,116,1055
5437,020109,C,559.93,99,1045
5437,031779,A,204.95,12,108
5437,031779,B,780.68,66,601
5437,031779,C,557.48,66,686
5437,080212,B,355.04,189,1779
5437,080212,C,96.78,3,30
5440,003480,A,393.43,132,1394
5440,020109,B,338.63,21,191
5440,020109,C,148.00,53,551
5440,031779,B,0.77,178,1600
5440,031779,D,552.19,78,727
5440,080212,A,836.19,107,931
5440,080212,C,773.35,150,1431
5444,003480,B,50.42,12,121
5444,003480,C,216.48,63,548
5444,003480,D,23.88,130,1100
5444,020109,B,684.95,97,1026
5444,031779,C,767.28,43,403
5444,080212,B,224.39,165,1736
5457,003480,B,650.76,186,1841
5457,003480,C,480.99,119,1153
5457,003480,D,195.38,72,638
5457,020109,A,440.03,54,574
5457,020109,B,757.54,57,520
5457,031779,A,643.67,15,144
5457,031779,C,777.52,73,700
5459,003480,C,836.90,105,1051
5459,01611,B,90.39,155,1417
5459,01611,C,383.24,184,1826
5459,031779,B,751.45,94,981
5459,031779,C,746.10,174,1542
5459,080212,A,656.65,173,1596
5459,080212,B,238.00,160,1402
5460,01611,A,918.97,180,1594
5460,01611,B,869.56,139,1269
5460,01611,D,411.62,112,1180
5460,020109,B,309.87,55,587
5460,031779,A,775.78,180,1861
5460,031779,C,76.48,60,544
5460,080212,A,50.32,144,1392
5464,003480,C,185.49,105,947
5464,01611,A,327.18,74,692
5464,01611,C,768.10,177,1490
5464,020109,A,671.39,52,484
5464,031779,B,232.10,164,1391
5464,031779,C,465.17,16,143
5464,080212,B,5.12,85,851
5464,080212,C,575.12,158,1705
5466,01611,A,452.64,22,234
5466,01611,B,238.29,78,770
5466,020109,C,385.31,32,320
5466,031779,A,546.04,151,1451
5466,031779,B,926.08,172,1717
5466,031779,C,452.82,138,1268
5466,031779,D,450.37,157,1415
5470,003480,A,317.83,30,318
5470,020109,A,214.48,113,968
5470,020109,C,369.92,102,948
5470,020109,D,929.08,32,295
5470,031779,B,935.13,148,1416
5470,080212,B,707.07,124,1141
5470,080212,C,403.39,87,751
5473,003480,A,329.19,71,630
5473,003480,B,471.45,67,579
5473,01611,B,227.81,71,691
5473,01611,C,183.83,77,785
5473,020109,C,763.92,118,1116
5473,031779,A,237.84,3,28
5473,031779,B,870.64,192,1684
5484,003480,B,867.15,39,412
5484,003480,C,436.77,196,2035
5484,01611,B,455.50,92,779
5484,01611,C,8.93,72,673
5484,01611,D,431.68,151,1528
5484,020109,A,942.32,47,468
5484,020109,B,125.95,121,1028
5484,020109,C,792.80,129,1345
5484,020109,D,700.74,44,460
5484,031779,A,767.97,125,1328
5484,031779,B,625.48,172,1692
5484,031779,C,499.87,39,393
5484,080212,A,462.28,70,673
5484,080212,B,843.67,163,1523
5484,080212,C,494.80,155,1426
5484,080212,D,146.30,105,910
5486,003480,A,837.50,81,738
5486,01611,A,142.32,28,240
5486,01611,C,816.24,85,880
5486,020109,A,947.21,127,1110
5486,020109,B,91.50,17,173
5486,020109,D,62.75,17,154
5486,031779,B,794.30,22,206
5486,031779,D,65.36,24,243
5486,080212,A,817.47,49,435
5486,080212,B,884.94,184,1982
5486,080212,D,579.33,103,958
5491,003480,C,472.53,93,901
5491,01611,A,958.08,148,1575
5491,01611,C,501.33,99,861
5491,01611,D,641.94,69,652
5491,020109,B,753.02,183,1833
5491,031779,A,927.41,10,85
5491,031779,B,101.07,111,1065
5491,080212,B,398.54,28,244
5493,003480,A,680.39,133,1236
5493,003480,B,239.79,200,2125
5493,003480,D,35.09,89,837
5493,01611,B,900.56,83,771
5493,01611,C,129.58,41,389
5493,020109,C,571.19,137,1316
5493,080212,C,187.25,137,1292
5496,003480,C,256.91,193,2075
5496,01611,A,875.79,154,1514
5496,01611,B,984.98,21,218
5496,01611,C,297.55,31,284
5496,01611,D,172.67,175,1480
5496,020109,C,910.77,89,771
5496,031779,B,30.51,11,113
5496,031779,D,776.57,117,1079
5496,080212,C,274.53,3,27
5503,003480,B,302.59,135,1195
5503,020109,B,146.10,82,815
5503,020109,C,40.46,81,829
5503,020109,D,123.77,122,1195
5503,031779,A,795.08,36,337
5503,031779,B,907.09,11,105
5503,080212,C,660.43,167,1487
5505,003480,B,461.23,150,1585
5505,01611,B,131.78,127,1085
5505,020109,A,955.06,177,1623
5505,020109,C,67.53,81,746
5505,031779,A,279.15,122,1077
5505,080212,A,856.33,41,355
5505,080212,B,375.19,111,1093
5508,003480,C,1003.40,156,1675
5508,01611,A,735.12,186,1956
5508,01611,C,147.77,55,518
5508,020109,A,705.45,119,1076
5508,020109,B,991.36,155,1316
5508,020109,D,921.58,163,1409
5508,080212,A,138.88,67,597
5514,003480,A,197.65,8,69
5514,01611,B,900.89,28,278
5514,01611,C,224.16,181,1538
5514,020109,A,643.77,115,1167
5515,003480,C,876.94,200,1859
5515,01611,A,512.54,63,585
5515,020109,C,641.26,159,1595
5515,031779,A,486.34,103,965
5515,031779,B,539.60,28,297
5515,080212,A,909.78,152,1501
5515,080212,D,832.57,143,1525
5518,003480,A,263.65,196,1907
5518,01611,A,606.38,1,9
5518,020109,A,839.64,140,1339
5518,031779,C,624.04,134,1175
5518,031779,D,850.80,183,1640
5518,080212,A,51.52,190,1705
5518,080212,B,618.53,152,1410
5523,003480,A,520.03,90,823
5523,003480,C,312.76,110,1006
5523,020109,A,23.59,179,1700
5523,020109,B,546.39,87,910
5523,031779,C,994.50,134,1413
5523,080212,A,256.00,91,930
5523,080212,C,408.20,52,487
5526,01611,B,911.85,23,200
5526,01611,C,425.88,109,1126
5526,01611,D,991.94,190,1827
5526,031779,A,636.42,16,162
5526,031779,B,677.57,192,1792
5526,031779,D,449.29,103,913
5528,003480,C,305.44,100,879
5528,01611,A,610.25,109,1003
5528,020109,B,367.94,95,948
5528,020109,C,252.53,172,1706
5528,031779,C,317.49,26,226
5528,080212,A,419.35,43,373
5528,080212,C,136.66,85,845
5540,003480,A,321.33,73,724
5540,003480,B,912.90,58,545
5540,003480,D,756.83,71,725
5540,01611,A,497.35,183,1805
5540,01611,D,754.23,86,832
5540,020109,A,783.80,162,1465
5540,020109,B,3.80,129,1305
5545,003480,B,657.66,193,1861
5545,003480,C,40.41,170,1559
5545,003480,D,759.34,28,236
5545,01611,B,540.97,112,945
5545,080212,A,1052.83,102,925
5545,080212,B,558.27,170,1775
5545,080212,C,567.21,65,633
5545,080212,D,446.26,16,167
5549,01611,B,641.66,192,1643
5549,020109,A,726.75,59,536
5549,020109,C,375.95,50,525
5549,031779,C,436.06,188,1958
5549,031779,D,526.21,79,713
5549,080212,A,1049.50,70,654
5549,080212,B,1003.51,122,1224
5549,080212,C,857.45,27,251
5549,080212,D,279.22,142,1214
5551,003480,A,589.79,57,543
5551,003480,C,640.67,3,28
5551,003480,D,705.19,18,180
5551,020109,B,535.11,70,647
5551,020109,C,123.73,166,1724
5551,031779,A,1066.62,81,682
5551,031779,C,830.08,164,1741
5551,080212,A,824.07,86,819
5557,003480,A,156.24,104,1002
5557,003480,B,447.75,93,939
5557,01611,A,646.02,103,997
5557,01611,D,179.01,30,258
5557,020109,A,1057.37,23,228
5557,031779,A,574.11,104,1001
5557,031779,D,455.40,43,383
5559,003480,B,847.16,190,1959
5559,01611,B,217.67,46,448
5559,031779,A,559.45,0,0
5559,031779,B,702.12,155,1417
5559,031779,C,858.91,195,1838
5559,080212,A,973.22,2,20
5559,080212,C,196.11,155,1318
5561,003480,A,790.05,17,145
5561,003480,C,512.33,122,1057
5561,003480,D,417.13,146,1245
5561,01611,A,494.63,81,776
5561,020109,A,61.93,138,1275
5561,020109,B,105.82,42,410
5561,031779,C,547.71,81,779
5573,003480,A,252.91,73,685
5573,003480,B,815.29,59,526
5573,003480,C,594.88,1,10
5573,003480,D,540.60,68,699
5573,01611,A,290.37,33,305
5573,020109,B,548.36,121,1164
5573,020109,D,815.49,164,1765
5579,01611,A,1097.19,140,1450
5579,01611,B,327.97,178,1840
5579,01611,D,743.61,51,452
5579,020109,A,1015.78,138,1322
5579,020109,D,645.71,121,1271
5579,031779,A,962.86,58,554
5579,080212,B,9.68,178,1827
5580,003480,A,215.78,173,1707
5580,003480,B,505.96,1,9
5580,01611,C,936.87,143,1367
5580,080212,B,200.72,157,1463
5580,080212,C,1140.06,113,1060
5580,080212,D,591.15,195,1815
5587,003480,A,603.38,32,308
5587,003480,C,988.58,127,1162
5587,031779,B,774.55,87,849
5587,031779,C,583.53,139,1334
5587,031779,D,169.59,30,317
5587,080212,A,878.70,151,1430
5587,080212,D,200.24,130,1389
5591,01611,B,738.50,155,1315
5591,01611,C,652.82,143,1334
5591,01611,D,1179.40,127,1134
5591,020109,A,915.11,91,932
5591,020109,B,531.02,88,913
5591,020109,C,513.57,186,2000
5591,031779,B,148.63,165,1462
5591,080212,C,200.24,108,1080
5595,003480,B,797.91,34,291
5595,003480,C,971.51,145,1231
5595,003480,D,473.11,7,69
5595,01611,A,587.38,58,595
5595,01611,B,1132.12,43,405
5595,01611,C,792.91,149,1478
5595,020109,A,488.98,31,288
5595,020109,C,747.92,162,1707
5595,031779,B,398.51,128,1378
5595,031779,D,344.76,12,124
5595,080212,A,1102.45,182,1913
5598,003480,A,1046.79,105,930
5598,003480,C,698.48,117,1128
5598,003480,D,475.88,70,595
5598,01611,A,895.21,153,1552
5598,01611,C,697.76,107,940
5598,01611,D,45.96,105,999
5598,020109,B,508.48,74,677
5598,031779,A,23.99,16,140
5598,031779,C,1007.71,53,490
5598,080212,B,410.07,146,1390
5598,080212,D,581.88,88,872
5604,003480,A,450.51,184,1616
5604,003480,B,120.90,199,1720
5604,003480,C,115.38,178,1749
5604,003480,D,527.61,69,675
5604,020109,C,52.10,7,75
5604,031779,A,1194.60,36,362
5604,031779,B,1006.80,19,171
5627,01611,B,473.93,107,1016
5627,01611,C,658.73,65,598
5627,020109,B,71.81,89,772
5627,020109,D,87.08,151,1575
5627,031779,A,446.43,190,1681
5627,031779,D,992.62,121,1187
5627,080212,B,1246.86,77,658
5632,003480,B,511.76,193,1787
5632,01611,C,800.90,161,1517
5632,020109,B,637.88,93,839
5632,031779,B,1201.55,87,867
5632,031779,C,578.66,157,1466
5632,080212,B,562.77,15,133
5632,080212,C,271.17,71,628
5632,080212,D,1143.83,63,586
5642,003480,A,417.77,78,660
5642,003480,B,150.44,30,265
5642,003480,D,1092.88,167,1482
5642,020109,B,1184.29,199,1908
5642,020109,D,479.52,98,895
5642,031779,B,685.73,96,869
5642,080212,C,509.24,29,262
5643,003480,A,700.05,135,1240
5643,01611,B,365.25,29,308
5643,01611,C,797.86,122,1212
5643,01611,D,1221.11,98,1008
5643,020109,A,387.49,35,348
5643,020109,C,879.48,173,1660
5643,031779,A,160.58,44,424
5643,031779,C,272.13,26,256
5647,003480,B,1065.19,143,1482
5647,003480,D,1055.28,117,1111
5647,01611,A,1153.28,55,464
5647,01611,D,453.05,26,271
5647,020109,A,795.76,58,565
5647,031779,B,161.72,70,591
5647,080212,B,440.24,135,1413
5649,020109,A,933.51,32,270
5649,020109,B,837.89,48,509
5649,020109,D,384.00,105,1116
5649,031779,A,148.45,157,1616
5649,080212,A,1092.01,59,518
5649,080212,B,1079.91,192,1686
5662,003480,A,480.99,155,1473
5662,003480,B,773.98,149,1312
5662,003480,C,1290.65,120,1267
5662,01611,A,208.55,50,469
5662,01611,C,1276.33,63,632
5662,01611,D,566.64,34,350
5662,020109,B,217.39,70,672
5662,020109,C,902.51,86,778
5662,020109,D,1229.66,52,487
5662,031779,A,407.71,81,686
5662,031779,B,1148.76,86,824
5662,031779,C,190.11,55,509
5662,031779,D,774.70,146,1324
5662,080212,B,1091.86,169,1427
5662,080212,C,815.82,53,533
5662,080212,D,404.02,38,409
5681,01611,A,542.43,75,687
5681,020109,B,745.19,148,1430
5681,031779,A,18.51,139,1232
5681,031779,C,423.50,57,540
5681,031779,D,779.13,9,93
5681,080212,C,1330.75,131,1326
5681,080212,D,323.37,32,304
5683,01611,A,505.81,69,676
5683,01611,B,922.61,76,756
5683,020109,B,1106.03,62,569
5683,020109,C,609.93,152,1471
5683,031779,A,515.50,1,9
5683,031779,B,587.10,131,1234
5683,080212,A,98.00,5,51
5698,003480,B,12.07,63,535
5698,003480,C,414.52,130,1156
5698,01611,B,204.21,176,1627
5698,020109,C,531.23,145,1264
5700,003480,A,500.11,172,1587
5700,003480,C,559.15,81,710
5700,020109,A,1115.39,21,186
5700,031779,A,88.67,152,1421
5700,031779,B,1120.73,103,1008
5700,031779,C,32.90,50,538
5700,031779,D,37.94,169,1608
5701,01611,A,562.93,57,484
5701,01611,C,1251.68,103,1017
5701,01611,D,1081.87,22,201
5701,020109,A,528.15,58,623
5701,020109,D,474.36,194,1667
5701,031779,A,1274.07,81,777
5701,031779,B,1314.58,22,216
5701,031779,D,290.15,66,629
5701,080212,A,374.15,98,988
5701,080212,C,73.91,84,855
5714,003480,A,1315.12,54,540
5714,003480,B,1102.58,59,577
5714,003480,C,266.56,179,1696
5714,020109,B,613.75,149,1476
5714,020109,C,291.51,65,690
5714,031779,B,1342.10,69,675
5714,031779,C,1391.26,169,1812
5722,01611,C,1404.82,174,1798
5722,01611,D,1204.04,170,1811
5722,020109,A,381.42,24,217
5722,020109,D,1344.29,137,1159
5722,031779,B,1007.57,140,1479
5725,003480,A,335.59,26,228
5725,003480,C,101.60,60,585
5725,01611,C,1000.11,118,1211
5725,020109,C,705.93,9,78
5725,031779,C,379.29,9,90
5725,080212,A,1163.97,188,1789
5725,080212,B,557.64,24,259
5725,080212,C,170.40,163,1709
5727,003480,A,1411.11,193,1772
5727,003480,B,528.97,168,1541
5727,003480,C,25.54,100,998
5727,003480,D,165.72,190,1731
5727,01611,A,1026.95,102,1052
5727,01611,B,480.57,46,409
5727,020109,C,669.73,136,1281
5727,031779,C,1308.17,15,159
5727,031779,D,1214.38,192,1890
5727,080212,A,640.37,102,1032
5740,003480,C,1139.62,101,881
5740,003480,D,1238.05,197,1937
5740,01611,B,649.00,3,32
5740,020109,A,575.82,136,1411
5740,020109,C,1176.32,26,219
5740,020109,D,774.20,102,1041
5740,031779,C,520.19,41,430
5745,003480,B,578.32,16,142
5745,01611,C,924.37,190,1857
5745,020109,A,1260.72,0,0
5745,020109,C,472.16,178,1836
5745,031779,B,1109.08,175,1683
5745,031779,C,780.53,22,217
5745,031779,D,729.00,25,228
5745,080212,C,1218.46,169,1514
5746,003480,A,1126.59,43,417
5746,003480,B,881.46,173,1639
5746,003480,C,1481.74,92,789
5746,01611,A,913.06,63,649
5746,020109,C,364.43,69,635
5746,020109,D,486.60,180,1722
5746,080212,B,846.90,106,1089
5749,01611,C,881.79,133,1139
5749,020109,A,410.41,137,1292
5749,020109,B,1458.39,165,1434
5749,031779,B,1142.68,135,1144
5749,031779,C,581.75,28,239
5749,080212,B,1194.99,4,38
5749,080212,D,1014.19,32,344
5755,01611,C,557.63,38,366
5755,01611,D,222.61,189,1938
5755,031779,B,394.34,194,1936
5755,031779,D,1199.34,160,1631
5755,080212,A,1335.03,149,1598
5769,003480,A,263.52,6,59
5769,003480,D,1003.51,133,1172
5769,01611,B,1523.21,126,1208
5769,01611,D,813.06,20,212
5769,020109,A,1082.17,77,729
5769,080212,C,698.93,52,527
5770,003480,A,1003.82,90,824
5770,003480,B,150.37,142,1301
5770,003480,C,1412.68,9,82
5770,003480,D,33.50,195,1717
5770,01611,C,761.91,61,515
5770,020109,A,1241.76,196,1854
5774,01611,A,165.55,33,309
5774,01611,B,611.15,28,296
5774,01611,C,609.43,53,506
5774,01611,D,832.11,69,727
5774,020109,A,1291.23,199,2048
5774,031779,B,1358.21,200,1977
5774,031779,C,1512.10,40,402
5787,003480,A,56.72,102,857
5787,003480,D,355.23,148,1302
5787,01611,C,296.34,101,1078
5787,020109,B,1223.36,18,155
5787,020109,C,1273.06,41,422
5787,080212,B,458.72,164,1701
5787,080212,C,40.99,65,582
5792,003480,C,194.91,90,763
5792,01611,A,831.01,36,370
5792,020109,C,1063.27,89,924
5792,020109,D,271.85,177,1789
5792,080212,A,649.35,112,1183
5792,080212,B,1516.64,112,997
5792,080212,D,1538.97,16,151
5797,003480,A,163.18,103,1074
5797,01611,A,1198.52,67,711
5797,01611,B,771.41,170,1587
5797,031779,A,753.14,188,1962
5797,031779,B,1.04,103,898
5797,080212,A,336.66,17,178
5797,080212,B,305.02,158,1360
5797,080212,C,1503.02,66,597
5797,080212,D,781.75,110,1019
5801,003480,B,1419.08,187,1788
5801,003480,C,283.77,120,1296
5801,003480,D,401.72,92,906
5801,01611,A,1120.87,58,592
5801,020109,A,1580.58,149,1532
5801,020109,C,636.35,168,1446
5801,080212,A,1425.12,169,1545
5809,003480,B,1487.22,199,2078
5809,003480,C,701.71,39,397
5809,003480,D,1346.90,0,0
5809,01611,B,138.34,134,1145
5809,031779,C,787.55,77,700
5809,080212,A,36.16,189,1854
5809,080212,C,1374.28,154,1617
5810,01611,B,800.63,37,316
5810,01611,D,939.21,55,464
5810,020109,C,767.68,111,1098
5810,031779,A,19.29,145,1502
5810,031779,C,127.52,101,1005
5810,080212,B,491.37,15,126
5810,080212,C,35.02,49,471
5811,003480,A,421.37,39,375
5811,003480,C,1287.77,39,384
5811,01611,A,914.84,149,1328
5811,01611,C,2.73,66,657
5811,031779,A,1273.95,189,1972
5811,080212,B,502.81,7,68
5811,080212,D,1553.14,47,458
5812,003480,A,718.40,13,115
5812,003480,B,903.29,74,744
5812,003480,C,513.38,88,815
5812,01611,C,526.22,115,1099
5812,031779,A,1154.12,178,1620
5812,031779,D,1073.00,105,992
5827,003480,B,1451.71,56,564
5827,01611,C,210.60,183,1561
5827,020109,B,671.49,13,118
5827,020109,C,1586.56,162,1612
5827,020109,D,1510.61,69,738
5827,080212,A,367.16,130,1104
5827,080212,B,119.76,43,390
5828,003480,A,1094.62,79,718
5828,003480,D,155.71,115,975
5828,01611,A,1593.25,81,816
5828,01611,B,509.89,200,1784
5828,01611,D,1178.45,45,456
5828,020109,A,880.16,8,76
5828,031779,A,71.75,191,1928
5850,01611,B,796.96,149,1438
5850,020109,A,755.40,6,62
5850,020109,C,1309.13,118,1227
5850,080212,A,1660.94,36,334
5850,080212,B,668.43,18,172
5850,080212,C,401.21,56,526
5850,080212,D,936.79,7,74
5853,003480,A,1059.01,6,54
5853,003480,D,1605.56,23,248
5853,020109,B,417.79,73,763
5853,020109,C,991.30,137,1450
5853,020109,D,1665.30,115,1174
5853,031779,A,1008.64,145,1470
5853,031779,D,498.97,51,499
5853,080212,A,1380.75,163,1374
5853,080212,B,1242.94,12,116
5853,080212,C,1082.02,175,1887
5853,080212,D,1466.37,105,1093
5859,003480,C,384.34,24,228
5859,003480,D,770.94,139,1333
5859,01611,A,1263.64,183,1871
5859,031779,A,473.63,130,1392
5859,031779,B,152.82,40,402
5859,080212,A,433.04,97,1009
5859,080212,C,820.70,113,1194
5860,003480,A,1229.18,189,1894
5860,003480,C,1601.13,18,176
5860,003480,D,74.25,21,185
5860,01611,A,429.94,9,91
5860,01611,D,1235.72,91,794
5860,031779,C,999.16,54,573
5860,080212,B,1321.95,27,247
5860,080212,D,510.82,21,209
5866,003480,B,506.08,182,1580
5866,003480,C,78.19,162,1668
5866,003480,D,422.43,41,380
5866,01611,C,705.70,164,1564
5866,020109,B,1537.41,181,1945
5866,020109,C,179.53,189,2015
5866,031779,C,70.84,183,1869
5866,080212,B,1547.33,119,1015
5879,003480,B,1563.20,175,1741
5879,01611,A,995.31,90,906
5879,01611,B,92.28,43,452
5879,031779,B,401.89,160,1449
5879,031779,C,1493.76,46,474
5879,080212,C,92.97,30,303
5879,080212,D,394.63,127,1216
5882,003480,B,1522.95,166,1781
5882,01611,B,1146.66,106,1023
5882,01611,C,715.76,167,1564
5882,01611,D,969.73,135,1229
5882,020109,B,1614.80,86,919
5882,031779,A,863.89,5,43
5882,080212,B,981.00,74,723
5882,080212,C,873.18,60,633
5885,003480,B,1430.57,61,541
5885,01611,A,632.50,146,1267
5885,01611,B,1262.35,41,426
5885,020109,A,124.05,92,871
5885,020109,C,668.89,128,1346
5885,080212,A,1116.46,141,1297
5885,080212,D,962.60,117,1252
5899,01611,A,526.64,141,1499
5899,020109,B,1723.48,138,1205
5899,020109,C,1667.45,15,139
5899,020109,D,859.78,150,1538
5899,031779,A,1756.64,182,1596
5899,031779,B,109.80,190,1984
5899,031779,D,827.06,79,764
5917,003480,B,1178.71,129,1357
5917,01611,A,927.45,8,86
5917,020109,B,1625.11,131,1229
5917,020109,C,334.31,166,1752
5917,031779,B,81.56,48,417
5917,080212,A,585.38,114,1175
5917,080212,B,1323.94,3,27
5925,003480,D,1278.00,160,1376
5925,020109,B,1633.91,42,360
5925,020109,C,273.59,24,210
5925,020109,D,1138.35,192,1860
5925,080212,B,862.75,43,370
5925,080212,C,782.56,97,857
5926,020109,C,848.04,114,1078
5926,031779,C,1719.87,76,704
5926,031779,D,884.06,96,1021
5926,080212,C,938.06,100,994
5926,080212,D,1019.45,5,54
5927,003480,B,636.03,136,1149
5927,003480,C,850.54,37,365
5927,003480,D,36.25,106,1095
5927,01611,B,1290.33,177,1772
5927,01611,D,403.59,173,1493
5927,020109,A,588.25,163,1731
5927,031779,C,1467.96,163,1447
5927,031779,D,860.15,68,647
5927,080212,A,112.02,108,1052
5927,080212,B,540.25,128,1371
5927,080212,C,769.75,146,1517
5928,003480,B,1801.80,128,1115
5928,003480,D,495.03,138,1170
5928,01611,B,48.57,157,1489
5928,020109,A,1673.87,146,1430
5928,031779,B,1640.87,176,1487
5928,031779,C,1483.04,170,1780
5928,080212,A,732.09,134,1208
5936,003480,A,1126.81,38,333
5936,003480,B,1198.20,146,1252
5936,01611,A,450.81,57,602
5936,01611,B,1434.40,2,17
5936,01611,D,1726.25,76,668
5936,080212,B,1161.34,97,1028
5936,080212,C,306.09,165,1708
5938,003480,A,700.77,101,918
5938,003480,C,1251.48,57,557
5938,01611,B,622.66,53,475
5938,01611,C,596.39,33,300
5938,01611,D,1285.45,166,1605
5938,020109,A,1256.63,28,250
5941,003480,A,1402.71,53,505
5941,003480,B,1033.75,49,425
5941,003480,C,1860.53,43,424
5941,020109,A,125.91,152,1473
5941,020109,B,1247.69,130,1300
5941,020109,D,1009.00,13,123
5941,080212,A,802.08,196,1894
5949,003480,C,1229.68,34,299
5949,01611,B,1535.64,155,1633
5949,01611,D,875.42,46,391
5949,020109,A,1193.77,103,951
5949,020109,B,1220.48,0,0
5949,020109,D,392.87,97,825
5949,031779,A,152.51,129,1154
5949,031779,B,1061.81,198,1924
5949,031779,C,428.58,16,156
5949,031779,D,600.84,49,488
5949,080212,A,329.47,39,389
5949,080212,B,1267.43,136,1189
5949,080212,C,747.43,159,1693
5949,080212,D,446.53,5,54
5950,003480,B,1360.90,120,1097
5950,01611,A,415.46,140,1184
5950,01611,C,1061.00,197,1798
5950,020109,A,1088.10,133,1355
5950,020109,B,1798.84,120,1292
5950,020109,C,1153.87,128,1145
5950,020109,D,486.06,146,1424
5950,031779,A,1147.44,9,83
5950,031779,C,1632.06,128,1171
5950,080212,B,1846.02,101,860
5950,080212,C,1714.73,46,403
5955,003480,B,1455.77,0,0
5955,003480,C,218.80,166,1769
5955,01611,C,428.61,189,1788
5955,020109,C,1485.51,189,1688
5955,080212,A,395.60,154,1645
5955,080212,C,624.79,139,1468
5955,080212,D,526.06,41,374
5961,003480,A,329.36,122,1141
5961,003480,B,352.87,49,482
5961,01611,A,890.38,168,1547
5961,01611,B,554.04,11,93
5961,01611,C,714.99,38,384
5961,01611,D,1595.51,127,1126
5961,020109,C,387.02,77,829
5961,080212,A,1906.59,171,1592
5961,080212,B,261.14,95,845
5962,003480,B,77.62,191,1950
5962,01611,A,1864.53,10,98
5962,01611,B,1103.77,103,1088
5962,01611,D,732.10,80,832
5962,020109,B,1265.73,51,477
5962,020109,D,1499.01,113,1107
5962,031779,C,325.79,78,658
5967,003480,A,79.44,61,651
5967,003480,D,1453.96,136,1284
5967,01611,C,15.14,18,152
5967,01611,D,1905.17,170,1584
5967,020109,A,367.33,190,1668
5967,020109,B,562.69,141,1370
5967,031779,B,663.46,196,1884
5967,031779,D,1927.96,132,1254
5970,003480,A,291.71,135,1416
5970,003480,C,122.88,70,596
5970,003480,D,620.38,162,1560
5970,01611,A,1902.75,45,484
5970,031779,C,51.68,200,2098
5970,031779,D,1768.47,149,1273
5971,003480,B,1268.07,103,946
5971,003480,C,541.63,164,1484
5971,01611,A,1000.46,187,1738
5971,01611,C,606.73,13,137
5971,01611,D,501.44,31,298
5971,080212,B,752.61,40,348
5974,003480,A,507.20,81,714
5974,003480,B,530.96,32,306
5974,01611,A,131.60,107,1110
5974,01611,B,557.78,20,199
5974,020109,B,493.22,109,1014
5974,031779,A,1713.72,3,31
5974,031779,B,933.04,166,1721
5977,003480,B,1337.33,111,1191
5977,01611,B,879.69,140,1204
5977,01611,C,1928.52,159,1448
5977,020109,A,494.83,145,1228
5977,020109,D,1207.32,111,979
5977,031779,A,1664.44,23,235
5977,031779,B,1941.26,189,1798
5978,003480,A,1696.83,58,573
5978,003480,B,1850.05,124,1145
5978,01611,A,1915.65,176,1743
5978,01611,B,156.08,74,697
5978,01611,D,350.45,45,477
5978,020109,A,1591.11,161,1359
5978,031779,A,1860.91,191,1623
5979,003480,B,224.81,153,1373
5979,003480,C,1671.94,191,1977
5979,020109,A,427.13,62,627
5979,031779,A,669.64,119,1084
5979,031779,B,395.53,4,39
5979,031779,D,379.88,173,1622
5979,080212,C,688.45,7,62
5980,003480,B,866.93,15,159
5980,01611,A,1817.60,158,1536
5980,01611,B,802.69,3,27
5980,01611,D,134.00,101,1073
5980,020109,A,1354.91,45,406
5980,031779,A,284.38,161,1530
5980,031779,C,833.19,0,0
5980,080212,A,351.18,96,1036
5980,080212,B,579.53,41,375
5980,080212,C,988.00,157,1358
5993,003480,A,1496.33,115,1126
5993,01611,A,1535.70,148,1543
5993,031779,A,1966.64,195,1951
5993,031779,B,1391.14,157,1427
5993,080212,A,765.70,119,1022
5993,080212,D,336.68,186,1949
6005,003480,B,3.49,154,1383
6005,01611,B,4.00,30,254
6005,01611,C,7.55,80,674
6005,080212,A,1.52,191,1854
6005,080212,B,5.75,186,1715
6005,080212,C,9.29,102,1096
6005,080212,D,9.63,175,1531
6013,003480,C,4.95,41,420
6013,01611,A,11.00,111,1001
6013,01611,C,9.30,40,355
6013,020109,B,11.25,125,1222
6013,020109,D,12.42,63,635
6013,031779,A,0.52,139,1171
6013,031779,B,0.28,161,1654
6013,080212,B,9.97,48,510
6014,01611,C,20.98,46,448
6014,01611,D,22.61,109,978
6014,020109,A,20.47,21,178
6014,031779,A,16.15,7,73
6014,031779,B,20.42,67,651
6014,031779,C,22.86,118,1038
6014,080212,B,7.65,13,119
6028,003480,B,20.28,4,34
6028,01611,A,45.37,151,1364
6028,01611,C,17.14,33,325
6028,020109,B,10.26,197,1708
6028,031779,A,11.20,200,1796
6028,031779,B,24.02,116,1181
6028,031779,D,10.46,15,151
6042,003480,A,24.42,59,612
6042,01611,A,60.18,147,1257
6042,01611,B,55.17,103,1012
6042,01611,C,7.03,138,1348
6042,020109,A,14.60,191,1763
6042,020109,B,76.18,154,1351
6042,031779,A,57.89,67,624
6043,003480,C,76.68,34,341
6043,01611,A,82.21,195,1985
6043,01611,C,68.19,1,9
6043,020109,B,52.35,112,1115
6043,020109,C,12.04,107,907
6043,031779,B,41.46,145,1318
6043,080212,A,19.86,60,624
6043,080212,B,14.57,152,1463
6052,01611,B,67.55,190,1664
6052,01611,C,81.50,192,2073
6052,01611,D,35.10,34,359
6052,020109,A,75.98,51,535
6052,020109,B,23.86,183,1922
6052,020109,C,9.89,197,1811
6052,080212,A,25.93,77,831
6058,003480,A,31.90,147,1586
6058,003480,D,46.86,183,1613
6058,020109,C,31.56,42,353
6058,031779,B,72.09,82,749
6058,031779,C,38.21,194,1830
6058,031779,D,19.95,125,1187
6058,080212,A,87.97,61,647
6059,003480,C,20.55,156,1314
6059,01611,A,44.16,183,1824
6059,01611,B,112.36,30,263
6059,01611,C,115.74,136,1414
6059,01611,D,70.35,174,1525
6059,080212,B,46.32,122,1042
6059,080212,C,111.52,17,174
6060,003480,B,35.38,101,899
6060,003480,C,22.73,172,1686
6060,01611,C,8.76,17,177
6060,020109,B,61.56,54,467
6060,031779,D,51.56,137,1229
6060,080212,A,117.32,113,951
6060,080212,B,40.79,39,356
6060,080212,D,45.89,196,1730
6067,003480,A,106.31,10,105
6067,003480,D,22.44,127,1317
6067,020109,A,24.08,96,991
6067,031779,A,105.00,4,34
6067,031779,C,23.52,57,491
6067,080212,B,93.19,36,387
6067,080212,D,78.06,193,1862
6082,003480,B,34.66,132,1396
6082,003480,C,150.76,128,1242
6082,01611,A,52.26,156,1683
6082,020109,A,57.28,14,124
6082,020109,B,133.97,8,83
6082,031779,A,45.16,79,830
6082,031779,C,105.75,29,293
6082,080212,C,90.02,151,1469
6091,003480,C,164.85,84,824
6091,01611,B,146.86,102,887
6091,020109,A,166.50,0,0
6091,020109,C,179.56,94,972
6091,020109,D,55.11,24,227
6091,080212,B,121.54,8,68
6097,003480,C,61.56,198,1897
6097,003480,D,103.65,132,1326
6097,01611,C,26.56,132,1109
6097,020109,A,177.49,121,1126
6097,031779,B,193.03,166,1437
6097,080212,A,102.25,171,1477
6097,080212,D,191.56,5,53
6099,003480,B,88.20,42,378
6099,01611,B,129.56,40,360
6099,020109,A,135.42,67,723
6099,020109,D,182.02,114,1139
6099,031779,C,160.55,172,1607
6099,031779,D,148.95,132,1256
6099,080212,B,98.31,34,299
6102,003480,A,134.40,33,312
6102,01611,A,11.46,88,859
6102,01611,C,163.83,127,1237
6102,01611,D,48.98,100,867
6102,020109,B,15.28,38,403
6102,020109,D,51.16,41,348
6102,031779,B,32.43,195,1887
6102,080212,A,163.95,7,61
6103,003480,B,148.10,29,279
6103,020109,A,164.78,163,1686
6103,031779,B,24.15,79,699
6103,031779,C,0.25,31,329
6103,080212,A,66.28,89,847
6103,080212,B,87.31,43,399
6103,080212,D,68.33,90,964
6105,003480,A,8.95,128,1256
6105,003480,B,156.67,191,1609
6105,003480,D,38.70,66,585
6105,020109,A,127.76,170,1660
6105,020109,B,57.90,180,1669
6105,031779,B,70.50,180,1840
6105,031779,C,140.98,33,301
6105,031779,D,208.07,1,10
6105,080212,A,94.40,115,1128
6105,080212,C,97.17,83,836
6105,080212,D,39.91,76,781
6117,01611,A,48.01,49,444
6117,020109,C,190.44,116,1078
6117,031779,A,75.61,133,1388
6117,031779,D,137.54,146,1327
6117,080212,B,29.32,72,719
6117,080212,D,168.08,15,138
6124,003480,A,124.84,119,1212
6124,003480,C,37.50,101,1036
6124,01611,C,182.93,75,755
6124,020109,A,157.07,26,278
6124,031779,C,129.13,154,1421
6124,080212,A,242.88,170,1821
6124,080212,C,10.53,129,1185
6129,003480,A,4.71,170,1724
6129,020109,C,82.62,144,1528
6129,020109,D,173.45,68,706
6129,031779,B,57.71,200,2148
6129,080212,C,122.16,181,1700
6132,003480,A,84.90,20,212
6132,003480,B,228.08,187,1849
6132,020109,B,56.44,130,1376
6132,020109,D,14.91,84,850
6132,031779,A,131.72,113,1075
6132,031779,B,101.20,192,1927
6132,031779,C,14.43,181,1768
6132,080212,A,109.55,88,790
6132,080212,B,88.06,116,1012
6135,003480,B,181.59,89,804
6135,01611,A,196.29,32,315
6135,020109,A,2.30,97,850
6135,020109,B,9.18,98,1041
6135,020109,C,133.91,84,891
6135,031779,A,245.15,74,781
6135,031779,D,52.31,195,1894
6148,003480,A,166.61,4,39
6148,080212,A,139.27,158,1458
6148,080212,B,67.60,46,391
6148,080212,D,145.20,95,915
6149,003480,A,212.82,118,1023
6149,003480,C,269.31,49,436
6149,003480,D,134.48,27,266
6149,01611,A,207.79,200,1985
6149,020109,A,230.62,116,1094
6149,020109,B,281.78,25,218
6149,020109,C,102.23,19,182
6149,031779,D,166.17,129,1124
6149,080212,A,243.30,87,814
6149,080212,C,113.50,128,1081
6156,003480,A,307.01,168,1788
6156,003480,B,128.42,141,1348
6156,020109,B,92.90,144,1250
6156,031779,D,11.80,149,1505
6156,080212,A,200.13,121,1021
6156,080212,B,268.46,135,1395
6162,01611,A,60.37,112,1152
6162,020109,A,213.96,54,477
6162,020109,C,243.77,16,169
6162,020109,D,247.69,24,237
6162,031779,A,214.94,181,1649
6162,031779,B,301.07,87,921
6162,080212,A,319.58,129,1219
6163,003480,A,101.52,107,956
6163,003480,B,1.58,95,819
6163,003480,C,154.98,197,2097
6163,01611,B,99.41,26,241
6163,01611,C,182.37,160,1446
6163,01611,D,148.05,83,800
6163,020109,A,78.82,158,1520
6163,020109,C,258.75,193,1942
6163,020109,D,287.12,126,1257
6163,031779,B,139.69,39,418
6163,080212,B,93.81,60,641
6166,003480,B,149.93,14,124
6166,01611,B,111.83,46,415
6166,020109,A,56.38,105,943
6166,020109,C,145.75,15,128
6166,020109,D,290.11,134,1341
6166,031779,A,173.95,186,1974
6166,031779,C,194.86,42,428
6166,080212,B,108.47,140,1507
6166,080212,C,307.46,156,1650
6166,080212,D,331.69,18,173
6180,003480,A,248.57,143,1312
6180,003480,B,185.64,14,120
6180,003480,C,232.74,141,1227
6180,003480,D,174.16,41,368
6180,01611,A,16.60,64,670
6180,01611,C,179.86,30,263
6180,020109,A,201.55,19,203
6180,020109,C,5.63,68,625
6180,031779,A,89.93,146,1395
6180,080212,A,48.64,158,1338
6182,003480,A,128.27,105,891
6182,003480,B,106.69,181,1863
6182,01611,A,188.78,21,178
6182,020109,A,6.00,139,1304
6182,020109,B,213.66,4,39
6182,031779,C,232.05,32,315
6182,080212,B,240.99,177,1633
6184,01611,A,340.69,115,1140
6184,01611,C,315.40,107,990
6184,020109,A,134.43,196,2046
6184,020109,C,353.36,97,864
6184,020109,D,111.21,151,1274
6184,031779,A,25.54,101,1015
6184,080212,A,353.74,97,833
6205,003480,A,126.37,31,288
6205,003480,C,395.95,129,1157
6205,003480,D,135.38,18,182
6205,020109,A,208.34,161,1520
6205,031779,B,318.13,135,1136
6205,080212,A,116.84,101,1057
6205,080212,C,364.62,119,1192
6205,080212,D,125.63,157,1601
6206,003480,A,385.99,112,1091
6206,003480,B,332.76,39,343
6206,003480,D,232.43,33,318
6206,01611,A,348.08,36,339
6206,020109,C,161.35,10,90
6206,031779,A,222.30,2,21
6206,080212,B,280.13,199,2008
6209,003480,B,92.34,8,68
6209,01611,A,383.74,41,405
6209,01611,C,288.88,53,564
6209,020109,C,186.35,151,1311
6209,080212,B,369.57,182,1942
6209,080212,C,352.92,79,853
6209,080212,D,362.45,181,1888
6217,003480,A,230.22,194,1883
6217,003480,B,53.94,3,28
6217,01611,C,7.49,27,254
6217,020109,C,133.18,75,643
6217,031779,A,295.18,17,183
6217,031779,B,418.66,60,602
6217,080212,C,245.34,83,782
6221,003480,C,204.00,10,102
6221,003480,D,13.44,67,713
6221,01611,A,331.37,112,1150
6221,01611,B,221.59,101,1015
6221,020109,A,179.07,98,1011
6221,080212,B,197.14,167,1427
6221,080212,D,81.88,62,560
6224,003480,A,72.92,102,1063
6224,003480,C,224.29,148,1456
6224,01611,A,434.08,143,1236
6224,01611,C,148.75,0,0
6224,01611,D,445.86,66,636
6224,020109,C,439.56,66,626
6224,080212,B,424.59,72,776
6224,080212,C,151.29,62,585
6227,01611,B,197.95,110,1097
6227,031779,B,166.77,21,196
6227,031779,D,0.45,111,987
6227,080212,B,407.87,96,871
6246,01611,A,141.34,44,450
6246,01611,C,323.87,139,1413
6246,020109,C,119.56,121,1293
6246,031779,C,29.29,113,998
6246,080212,B,335.70,115,981
6246,080212,C,95.86,170,1493
6246,080212,D,373.30,30,267
6249,003480,B,113.53,80,855
6249,01611,B,196.06,27,262
6249,020109,B,249.04,87,779
6249,020109,C,80.13,183,1889
6249,020109,D,351.98,186,1810
6249,080212,A,39.56,115,1050
6249,080212,B,416.45,167,1547
6257,003480,A,106.50,116,998
6257,003480,B,245.41,52,506
6257,01611,B,91.52,140,1248
6257,020109,A,185.29,77,649
6257,020109,B,308.55,33,347
6257,020109,D,488.11,170,1768
6257,080212,B,41.49,54,511
6271,003480,A,286.17,88,744
6271,003480,B,468.17,73,766
6271,01611,D,385.39,168,1684
6271,020109,C,189.00,37,337
6271,031779,B,484.96,84,808
6290,003480,B,460.73,38,366
6290,01611,A,478.27,140,1246
6290,01611,C,28.46,115,1055
6290,020109,A,69.49,195,1754
6290,020109,D,341.08,188,1968
6290,031779,A,12.75,165,1539
6290,080212,A,71.61,137,1395
6299,003480,A,188.32,16,170
6299,01611,D,468.85,127,1212
6299,031779,C,227.10,162,1533
6299,080212,A,179.61,167,1636
6299,080212,B,43.78,197,1721
6305,003480,A,471.16,92,779
6305,003480,B,140.84,145,1479
6305,003480,C,350.09,53,557
6305,01611,A,280.79,30,275
6305,01611,C,301.13,143,1413
6305,020109,C,20.59,45,479
6305,031779,A,493.45,189,1760
6305,080212,A,366.44,196,1764
6305,080212,C,431.25,45,379
6313,003480,A,92.52,182,1787
6313,003480,C,583.25,35,368
6313,01611,C,466.06,124,1201
6313,031779,C,256.38,109,1164
6313,031779,D,167.58,59,630
6313,080212,A,457.25,160,1385
6313,080212,B,466.04,47,461
6313,080212,D,266.52,88,862
6321,020109,A,395.66,179,1820
6321,020109,B,629.55,136,1205
6321,020109,C,12.52,164,1706
6321,020109,D,451.35,89,800
6321,031779,A,192.94,51,431
6321,031779,C,70.30,31,334
6321,080212,B,334.26,124,1169
6326,003480,C,141.56,158,1354
6326,01611,A,167.20,151,1397
6326,01611,C,237.37,198,1857
6326,020109,A,59.26,168,1645
6326,031779,B,407.10,152,1324
6326,031779,C,119.65,76,778
6326,080212,A,119.99,49,454
6329,003480,C,56.67,145,1468
6329,01611,B,248.10,112,1175
6329,020109,C,516.30,189,1760
6329,031779,A,338.13,85,813
6329,031779,B,16.10,107,920
6329,031779,C,373.71,65,636
6329,031779,D,515.97,24,205
6329,080212,A,642.15,116,1192
6333,003480,A,240.00,110,1115
6333,003480,B,648.04,179,1750
6333,003480,C,464.91,183,1646
6333,01611,C,290.64,15,127
6333,01611,D,295.66,161,1482
6333,020109,A,11.73,90,824
6333,020109,B,228.20,51,479
6333,031779,A,272.22,120,1286
6333,031779,B,524.46,4,34
6333,080212,A,93.89,59,621
6333,080212,C,446.92,171,1783
6335,003480,A,31.30,48,503
6335,003480,B,412.54,133,1328
6335,003480,C,521.97,184,1724
6335,003480,D,317.92,86,768
6335,01611,C,106.60,194,1974
6335,01611,D,158.44,36,321
6335,020109,B,86.09,23,239
6335,020109,C,423.30,162,1674
6335,031779,A,111.30,158,1368
6335,031779,C,315.07,74,793
6335,080212,B,451.89,133,1392
6339,01611,A,575.89,30,260
6339,01611,D,479.86,96,987
6339,080212,A,186.51,121,1092
6339,080212,B,612.23,187,2012
6339,080212,C,187.31,188,1814
6349,003480,A,659.97,67,579
6349,003480,C,501.01,58,603
6349,01611,A,195.84,109,1016
6349,01611,D,240.77,85,763
6349,020109,A,670.72,175,1483
6349,020109,B,122.26,79,776
6349,020109,C,190.80,20,171
6349,031779,C,470.61,186,1703
6349,080212,A,320.08,27,262
6349,080212,B,501.14,189,1765
6349,080212,C,610.73,153,1293
6352,003480,A,90.98,160,1590
6352,003480,C,137.50,35,320
6352,01611,A,358.07,49,467
6352,01611,B,167.82,100,840
6352,020109,B,228.31,52,504
6352,031779,C,323.53,156,1671
6352,080212,A,684.24,104,950
6385,003480,A,373.24,188,1631
6385,003480,B,455.84,27,263
6385,01611,A,148.00,160,1558
6385,01611,B,85.45,9,94
6385,020109,A,640.57,196,1990
6385,020109,B,505.09,185,1839
6385,020109,C,642.02,60,606
6389,003480,B,301.15,139,1433
6389,003480,C,383.61,81,797
6389,003480,D,340.31,89,880
6389,01611,B,245.25,100,942
6389,031779,B,201.84,145,1301
6389,080212,A,661.21,14,150
6393,003480,A,354.12,132,1324
6393,01611,B,31.24,177,1729
6393,01611,C,83.75,33,325
6393,031779,A,265.27,94,921
6393,031779,B,18.20,195,1812
6393,080212,B,581.95,124,1058
6393,080212,C,413.78,117,1049
6396,003480,C,380.67,184,1965
6396,003480,D,761.83,156,1529
6396,01611,C,653.66,105,925
6396,020109,A,730.83,91,918
6396,020109,B,276.14,85,809
6396,020109,C,431.57,76,694
6396,020109,D,638.50,58,511
6396,031779,A,267.00,107,973
6396,031779,C,405.31,97,919
6396,080212,A,641.57,118,1140
6396,080212,C,655.48,188,1815
6396,080212,D,27.99,111,1054
6407,003480,B,195.87,13,121
6407,003480,D,446.49,195,1662
6407,020109,B,517.73,179,1833
6407,020109,C,78.30,194,1788
6407,080212,A,797.20,133,1218
6407,080212,C,350.44,69,744
6407,080212,D,82.91,30,259
6414,003480,B,621.19,174,1738
6414,01611,D,316.90,132,1201
6414,020109,B,84.66,172,1448
6414,080212,A,69.76,94,810
6414,080212,B,87.13,76,651
6414,080212,C,15.50,20,191
6416,01611,B,656.21,10,105
6416,031779,A,718.48,24,228
6416,031779,B,88.27,94,974
6416,080212,A,415.99,156,1433
6416,080212,B,403.97,140,1324
6416,080212,C,6.02,167,1609
6416,080212,D,692.37,59,617
6421,003480,B,130.30,166,1731
6421,003480,D,401.01,59,628
6421,01611,A,168.80,196,1945
6421,01611,B,356.61,78,736
6421,020109,C,373.76,68,720
6421,031779,A,408.75,1,9
6421,080212,B,379.07,153,1562
6427,003480,B,639.85,61,639
6427,01611,A,622.78,130,1331
6427,01611,B,766.54,67,660
6427,01611,C,602.69,6,61
6427,01611,D,689.67,173,1775
6427,020109,B,692.47,133,1276
6427,031779,A,5.47,88,938
6427,080212,B,411.27,159,1650
6427,080212,C,601.50,66,670
6427,080212,D,677.93,151,1514
6443,003480,A,35.04,85,756
6443,003480,B,46.08,191,1623
6443,01611,A,191.82,48,433
6443,01611,B,472.95,60,525
6443,020109,A,882.07,107,933
6443,020109,D,456.07,27,283
6443,031779,B,842.99,159,1447
6443,031779,C,704.19,117,1172
6445,003480,A,725.06,142,1414
6445,01611,A,159.49,27,235
6445,020109,A,850.91,17,168
6445,020109,C,581.67,72,696
6445,031779,B,112.06,7,70
6445,031779,C,640.49,189,2031
6445,031779,D,148.76,132,1140
6450,003480,A,136.66,170,1527
6450,01611,B,543.07,56,556
6450,01611,C,831.85,100,918
6450,020109,A,609.86,119,1158
6450,031779,A,515.81,162,1452
6450,031779,C,681.99,159,1516
6450,031779,D,414.50,96,1030
6453,003480,C,188.39,94,914
6453,01611,A,882.99,127,1213
6453,01611,D,422.41,63,589
6453,031779,A,643.12,169,1644
6453,031779,B,604.06,160,1481
6453,031779,D,326.67,122,1163
6455,003480,A,866.09,170,1676
6455,003480,B,515.68,191,1850
6455,003480,C,656.81,157,1551
6455,003480,D,171.97,16,164
6455,01611,B,261.44,166,1497
6455,01611,D,564.03,136,1375
6455,020109,B,843.16,38,408
6455,020109,C,705.86,184,1968
6455,031779,D,894.50,164,1531
6455,080212,A,832.92,194,1918
6456,01611,B,351.91,139,1251
6456,01611,D,886.47,168,1718
6456,020109,B,469.88,115,974
6456,020109,C,42.47,168,1428
6456,031779,A,66.31,153,1559
6456,031779,B,404.53,160,1506
6456,031779,D,709.76,90,846
6456,080212,B,810.14,142,1212
6459,003480,A,903.58,15,152
6459,031779,B,732.26,62,639
6459,080212,B,861.46,5,42
6459,080212,C,180.52,130,1326
6461,003480,C,392.52,197,2023
6461,01611,B,727.43,85,900
6461,01611,C,212.03,41,431
6461,020109,B,507.16,118,1175
6461,031779,B,350.23,77,782
6461,080212,A,826.63,22,211
6461,080212,B,862.74,199,2122
6462,003480,B,432.37,42,440
6462,01611,A,770.49,56,565
6462,01611,C,815.75,108,915
6462,020109,B,156.79,105,967
6462,020109,C,655.76,36,339
6462,020109,D,888.10,154,1433
6462,031779,C,906.13,126,1187
6462,031779,D,2.81,150,1610
6462,080212,B,500.42,121,1108
6462,080212,C,911.32,89,914
6462,080212,D,290.58,190,1853
6472,003480,C,548.25,33,325
6472,01611,B,237.67,189,1771
6472,01611,C,218.19,24,259
6472,01611,D,643.98,166,1630
6472,080212,A,411.76,181,1565
6472,080212,B,823.67,42,419
6472,080212,D,651.14,52,471
6475,003480,B,287.47,140,1195
6475,003480,D,484.85,197,1672
6475,01611,A,460.95,4,38
6475,031779,A,201.91,90,820
6475,031779,B,404.22,5,52
6475,080212,B,360.83,185,1760
6478,01611,A,139.91,194,2014
6478,020109,B,281.91,51,474
6478,020109,C,348.23,14,133
6478,031779,B,930.64,183,1919
6478,080212,A,436.42,46,483
6478,080212,B,595.54,192,1878
6478,080212,C,829.46,25,268
6480,003480,A,50.11,146,1295
6480,003480,B,760.73,196,1677
6480,003480,D,277.59,56,558
6480,01611,A,414.73,29,253
6480,01611,B,940.03,31,329
6480,020109,A,341.28,121,1076
6480,020109,C,628.42,187,2007
6480,031779,B,515.25,68,653
6480,031779,C,377.53,198,1743
6480,031779,D,844.28,128,1112
6480,080212,C,671.54,34,320
6482,003480,A,197.80,9,76
6482,003480,B,218.49,34,300
6482,01611,B,619.71,159,1539
6482,01611,C,756.29,14,125
6482,01611,D,544.89,113,1097
6482,020109,B,924.72,44,432
6482,020109,C,240.69,31,330
6482,031779,C,275.44,39,365
6482,080212,A,3.69,62,593
6482,080212,C,937.04,132,1230
6497,003480,B,33.04,3,26
6497,003480,C,146.06,62,538
6497,003480,D,791.28,95,1025
6497,01611,A,723.90,16,161
6497,020109,B,932.59,77,763
6497,031779,A,606.47,86,915
6497,031779,B,570.62,152,1556
6497,080212,B,530.48,106,1009
6507,003480,A,588.13,56,596
6507,003480,C,421.33,150,1609
6507,01611,B,979.11,196,1898
6507,031779,B,144.82,114,963
6507,031779,C,421.74,88,833
6507,080212,B,94.40,182,1764
6507,080212,C,671.30,182,1941
6507,080212,D,112.09,76,816
6516,003480,D,128.19,171,1676
6516,01611,B,999.49,38,337
6516,031779,A,594.26,178,1861
6516,031779,C,580.49,172,1569
6516,080212,C,882.50,47,416
6524,01611,C,173.29,52,502
6524,020109,C,891.90,23,198
6524,031779,B,365.42,101,968
6524,031779,C,88.37,198,1998
6524,031779,D,181.27,4,37
6524,080212,A,735.73,79,705
6524,080212,D,684.32,81,757
6526,003480,A,497.92,12,104
6526,003480,B,658.39,131,1240
6526,003480,D,94.44,3,29
6526,01611,A,776.86,118,1202
6526,01611,B,1040.72,156,1439
6526,01611,C,271.45,41,364
6526,020109,A,602.44,119,1068
6526,020109,B,627.26,61,578
6526,020109,D,934.26,188,1983
6526,031779,A,728.97,137,1171
6527,003480,C,966.63,52,483
6527,01611,A,834.66,173,1858
6527,01611,D,622.66,131,1333
6527,020109,B,786.18,192,1680
6527,031779,C,463.13,170,1574
6527,080212,A,918.67,55,475
6527,080212,D,1.91,57,599
6528,003480,B,499.75,160,1580
6528,01611,C,1009.65,116,1039
6528,01611,D,357.74,98,1027
6528,020109,B,548.22,56,487
6528,020109,C,291.58,85,836
6528,031779,B,389.83,194,1710
6528,031779,C,870.91,160,1393
6528,080212,B,404.32,133,1207
6531,01611,A,672.57,136,1459
6531,01611,D,955.04,38,353
6531,020109,A,385.97,4,40
6531,020109,C,933.22,158,1512
6531,031779,A,72.08,119,1035
6531,031779,B,650.61,92,960
6531,031779,D,908.91,15,141
6533,003480,A,754.88,67,695
6533,003480,B,97.80,160,1487
6533,01611,B,430.39,35,351
6533,01611,C,721.94,145,1355
6533,020109,B,468.74,190,1713
6533,031779,A,279.01,182,1826
6533,031779,D,693.80,196,1972
6548,01611,A,678.04,130,1282
6548,01611,D,774.13,28,269
6548,020109,A,44.09,113,1187
6548,020109,B,713.32,29,301
6548,020109,C,674.35,76,673
6548,031779,A,363.26,107,961
6548,031779,B,514.71,92,867
6548,031779,D,343.52,162,1603
6548,080212,A,538.84,170,1493
6548,080212,B,617.90,90,857
6549,003480,B,424.86,152,1430
6549,01611,B,1001.86,24,254
6549,020109,B,786.86,15,132
6549,031779,A,193.31,196,1765
6549,031779,C,557.01,101,992
6549,031779,D,999.82,31,295
6549,080212,B,190.75,57,567
6552,003480,A,853.45,30,317
6552,003480,B,875.48,150,1268
6552,01611,A,419.00,35,344
6552,01611,C,573.16,114,1204
6552,020109,A,207.29,157,1414
6552,031779,A,1092.69,43,447
6552,031779,C,339.98,31,262
6554,01611,A,1033.51,43,371
6554,01611,D,915.14,127,1123
6554,020109,B,1061.26,32,295
6554,080212,B,634.37,31,319
6554,080212,C,642.35,190,1872
6569,003480,C,1077.14,108,1056
6569,003480,D,63.93,133,1390
6569,01611,B,422.48,75,789
6569,01611,D,807.57,65,694
6569,020109,B,568.23,8,77
6569,031779,A,434.16,13,129
6569,031779,B,396.76,101,850
6569,080212,C,1132.26,70,621
6572,003480,B,1112.39,62,655
6572,003480,C,511.09,56,531
6572,003480,D,451.89,35,372
6572,020109,A,728.91,67,714
6572,020109,C,12.20,195,1751
6572,031779,A,273.41,100,1058
6572,031779,C,89.47,70,647
6578,003480,B,888.07,176,1804
6578,003480,C,1026.86,193,1898
6578,01611,A,365.14,94,922
6578,020109,B,471.76,165,1500
6578,020109,C,862.96,200,2128
6578,031779,A,355.85,23,247
6578,080212,C,5.48,118,1105
6581,003480,A,884.62,140,1494
6581,003480,B,416.59,96,843
6581,003480,C,32.11,96,937
6581,003480,D,738.64,65,694
6581,020109,A,844.18,60,610
6581,020109,C,936.59,20,199
6581,020109,D,443.50,167,1685
6581,031779,A,955.40,177,1491
6581,031779,B,122.55,76,766
6581,031779,C,363.49,37,399
6581,080212,A,786.66,96,826
6581,080212,B,699.04,42,402
6592,01611,A,616.97,41,415
6592,01611,D,109.48,115,1123
6592,020109,A,404.34,111,1150
6592,020109,C,1172.49,69,580
6592,020109,D,92.14,30,258
6592,031779,C,673.89,160,1638
6592,080212,C,954.23,181,1816
6598,003480,A,1042.85,103,1054
6598,01611,A,895.06,129,1355
6598,01611,D,203.19,114,1071
6598,020109,C,760.18,83,755
6598,031779,A,762.04,99,893
6598,031779,B,1067.09,0,0
6598,080212,A,1079.40,82,793
6598,080212,C,1019.88,20,178
6600,003480,B,431.77,52,556
6600,003480,C,136.96,46,459
6600,01611,A,1149.61,129,1092
6600,031779,A,65.18,144,1527
6600,031779,C,252.39,95,1021
6600,031779,D,253.03,50,538
6603,003480,A,336.79,85,899
6603,003480,C,247.17,155,1597
6603,020109,A,725.68,78,839
6603,031779,B,94.42,49,480
6603,031779,D,810.85,165,1499
6603,080212,B,697.44,178,1773
6607,003480,A,738.66,116,1140
6607,003480,B,685.72,139,1245
6607,01611,A,27.03,57,527
6607,01611,C,146.02,116,1043
6607,01611,D,27.36,135,1392
6607,080212,B,928.79,199,1899
6607,080212,C,1078.16,102,1009
6626,003480,C,350.32,59,523
6626,01611,A,833.02,102,880
6626,020109,B,266.54,0,0
6626,031779,A,507.72,112,1175
6626,031779,C,43.88,66,712
6626,031779,D,463.91,67,698
6626,080212,B,792.89,39,360
6627,003480,A,487.32,136,1185
6627,003480,B,489.24,55,467
6627,01611,A,738.10,70,607
6627,020109,A,649.86,79,788
6627,020109,B,1013.42,146,1440
6627,020109,C,621.81,105,979
6627,020109,D,441.38,185,1833
6627,031779,C,982.21,128,1334
6627,080212,B,666.27,48,473
6627,080212,C,1218.31,132,1157
6627,080212,D,195.32,56,504
6629,003480,C,1166.59,104,956
6629,01611,A,105.10,5,47
6629,020109,A,584.57,151,1584
6629,031779,A,992.21,50,537
6629,031779,D,1085.56,121,1059
6629,080212,A,695.88,65,608
6629,080212,D,168.39,156,1350
6631,003480,B,41.66,125,1285
6631,003480,C,457.55,77,730
6631,01611,B,85.94,12,113
6631,01611,D,505.74,113,1016
6631,031779,B,228.10,137,1384
6631,080212,A,99.53,39,416
6631,080212,D,583.43,26,261
6632,003480,C,892.65,13,115
6632,020109,A,704.06,164,1382
6632,020109,D,641.65,2,17
6632,031779,B,967.96,24,239
6632,031779,C,472.28,100,996
6632,031779,D,973.42,122,1097
6640,003480,A,783.71,111,989
6640,01611,A,230.90,182,1844
6640,01611,D,1038.07,84,748
6640,020109,C,1168.47,52,528
6640,020109,D,15.69,55,575
6640,031779,B,140.74,147,1454
6640,080212,C,1267.92,174,1833
6648,01611,A,1179.79,43,452
6648,020109,A,43.51,69,639
6648,020109,B,574.01,21,186
6648,031779,A,128.45,148,1330
6648,031779,B,539.97,186,1896
6648,031779,D,203.06,195,2022
6648,080212,A,128.68,107,1068
6654,003480,C,260.01,81,741
6654,003480,D,253.84,149,1397
6654,020109,B,390.99,32,277
6654,031779,A,747.67,192,1679
6654,080212,A,683.53,145,1403
6659,003480,B,853.30,65,571
6659,003480,D,942.65,22,216
6659,01611,A,616.00,108,1115
6659,01611,B,109.94,71,605
6659,01611,D,658.12,99,968
6667,003480,B,230.82,147,1478
6667,003480,C,481.48,147,1580
6667,003480,D,1308.83,174,1823
6667,020109,A,483.21,117,1025
6667,031779,A,1251.80,92,814
6667,031779,C,742.44,189,1762
6667,080212,C,959.19,143,1478
6678,003480,A,639.13,88,786
6678,01611,A,318.92,170,1780
6678,01611,B,277.37,65,688
6678,020109,C,1235.31,52,443
6678,031779,B,352.95,16,150
6678,031779,D,555.49,44,468
6694,003480,A,594.66,9,90
6694,003480,C,67.29,99,1055
6694,01611,B,1317.78,75,724
6694,01611,C,430.99,57,580
6694,01611,D,553.92,197,1680
6694,020109,B,790.92,161,1679
6694,020109,C,312.03,41,397
6694,020109,D,1317.29,169,1534
6703,003480,B,1264.06,87,812
6703,003480,C,25.40,131,1305
6703,01611,A,516.98,65,689
6703,020109,A,1355.08,64,548
6703,031779,B,435.03,46,398
6703,031779,C,1393.37,37,356
6703,031779,D,537.81,149,1304
6706,003480,B,392.81,87,890
6706,01611,A,977.53,59,564
6706,01611,C,1311.73,125,1305
6706,01611,D,169.14,74,771
6706,031779,A,229.16,0,0
6706,031779,B,432.92,168,1603
6706,080212,A,685.60,60,530
6709,003480,A,690.05,176,1490
6709,003480,B,743.35,187,1923
6709,01611,A,1109.33,173,1682
6709,01611,B,260.84,23,209
6709,01611,C,51.70,157,1619
6709,020109,A,626.94,21,185
6709,020109,B,336.53,170,1752
6709,020109,D,725.77,177,1701
6709,031779,B,842.05,93,886
6709,080212,A,1081.38,95,946
6709,080212,B,1002.19,84,876
6709,080212,D,897.29,71,719
6718,01611,A,17.70,98,962
6718,01611,B,340.25,162,1597
6718,01611,C,497.15,5,49
6718,01611,D,1319.11,69,622
6718,020109,A,305.77,177,1672
6718,020109,B,425.60,0,0
6718,031779,C,1246.02,121,1078
6720,003480,B,1000.26,138,1283
6720,01611,A,1286.05,132,1151
6720,01611,C,68.57,157,1646
6720,020109,B,1138.49,95,987
6720,031779,C,1296.23,171,1502
6720,080212,A,1209.37,155,1581
6720,080212,C,590.49,65,658
6725,01611,A,838.60,56,583
6725,01611,B,125.01,175,1744
6725,01611,C,923.28,83,882
6725,020109,B,1296.09,126,1071
6725,031779,A,831.55,169,1611
6725,031779,C,646.86,158,1657
6725,031779,D,1311.45,95,991
6731,003480,A,1100.23,169,1675
6731,01611,A,424.18,122,1118
6731,01611,B,1052.81,101,927
6731,01611,C,100.77,175,1791
6731,020109,A,1308.02,78,839
6731,020109,C,388.53,52,512
6731,080212,C,480.41,112,1093
6733,003480,D,484.14,132,1233
6733,01611,B,46.50,113,976
6733,020109,A,472.73,141,1204
6733,020109,C,643.80,17,178
6733,080212,B,80.03,180,1601
6736,003480,B,31.70,137,1474
6736,01611,B,1309.95,82,854
6736,01611,D,644.77,67,683
6736,020109,B,309.39,105,1091
6736,031779,C,575.80,186,1945
6736,080212,A,1017.89,56,572
6736,080212,D,176.74,109,1135
6740,003480,B,494.90,24,225
6740,01611,A,1056.28,174,1847
6740,020109,C,1348.24,101,916
6740,031779,A,26.30,96,953
6740,031779,B,1051.71,27,250
6740,080212,A,41.49,115,1213
6740,080212,C,61.82,134,1335
6747,003480,A,814.16,113,1133
6747,003480,C,1372.03,123,1255
6747,003480,D,435.45,131,1180
6747,01611,A,176.16,29,258
6747,020109,B,1187.88,60,539
6747,080212,B,1243.17,47,496
6747,080212,C,210.80,130,1155
6757,01611,A,1337.38,69,580
6757,01611,C,574.07,200,1963
6757,020109,A,410.75,165,1565
6757,020109,C,105.83,21,182
6757,080212,A,1058.11,47,413
6757,080212,C,377.13,168,1575
6757,080212,D,1262.01,160,1514
6761,003480,A,351.40,66,634
6761,003480,C,303.88,111,1079
6761,003480,D,414.23,152,1466
6761,01611,B,1040.45,111,1115
6761,031779,A,311.18,55,502
6761,031779,B,1205.53,13,130
6761,031779,C,1414.32,185,1774
6765,003480,A,1342.51,70,622
6765,003480,C,445.49,28,260
6765,003480,D,785.67,121,1145
6765,01611,A,925.93,113,975
6765,020109,A,710.19,198,2020
6765,020109,B,611.58,87,841
6765,020109,C,892.43,142,1247
6765,031779,A,812.86,86,799
6765,080212,B,202.52,8,73
6766,003480,A,1251.88,59,548
6766,003480,D,99.61,151,1355
6766,01611,B,1434.43,52,542
6766,020109,B,1212.55,106,1002
6766,020109,D,1269.71,137,1472
6766,031779,B,869.54,131,1183
6766,080212,B,1512.10,173,1476
6766,080212,C,949.04,102,867
6768,003480,A,441.69,59,516
6768,003480,C,1314.42,175,1671
6768,01611,A,361.86,152,1553
6768,01611,C,1229.23,145,1493
6768,020109,A,1525.19,130,1213
6768,031779,B,1502.76,198,1823
6768,080212,C,166.15,32,300
6774,003480,B,703.43,100,906
6774,003480,D,1396.50,54,545
6774,01611,B,1074.57,29,304
6774,01611,C,423.65,127,1258
6774,031779,A,819.52,180,1616
6774,031779,B,213.32,24,223
6774,031779,C,1362.25,142,1321
6783,003480,A,1451.98,41,426
6783,01611,A,1340.59,8,83
6783,01611,B,1342.59,186,1996
6783,01611,C,961.52,10,95
6783,01611,D,1431.21,45,408
6783,031779,C,425.20,105,885
6783,080212,A,552.59,5,44
6786,003480,C,599.16,60,562
6786,01611,C,1371.33,121,1214
6786,01611,D,1197.83,162,1439
6786,020109,B,1298.69,78,796
6786,031779,B,207.52,164,1603
6786,080212,C,1429.08,28,242
6789,003480,A,38.92,59,551
6789,020109,A,510.48,95,813
6789,020109,B,534.54,56,577
6789,020109,D,497.00,39,368
6789,031779,A,1106.78,32,331
6789,031779,B,1380.30,18,188
6789,080212,A,637.65,168,1726
6791,003480,A,197.49,6,59
6791,003480,B,155.94,170,1597
6791,003480,C,781.46,159,1423
6791,01611,B,933.41,174,1701
6791,020109,A,431.18,159,1466
6791,020109,C,578.19,191,1658
6791,080212,B,696.51,116,1090
6791,080212,C,487.82,17,163
6812,003480,A,224.64,151,1481
6812,01611,A,1521.86,140,1481
6812,01611,B,1030.52,122,1157
6812,01611,D,494.62,158,1702
6812,020109,B,1057.20,78,826
6812,020109,C,1141.34,151,1509
6812,031779,B,327.17,140,1335
6812,031779,C,765.71,85,907
6812,031779,D,1084.57,7,72
6818,003480,C,372.10,106,938
6818,003480,D,108.45,83,712
6818,020109,A,186.67,55,501
6818,020109,B,1232.04,63,617
6818,020109,D,110.57,117,1199
6818,031779,A,368.49,124,1333
6818,031779,C,1.63,105,1108
6818,080212,B,1343.14,90,847
6818,080212,C,975.54,150,1578
6820,003480,A,344.81,36,386
6820,003480,B,870.87,25,218
6820,003480,D,542.69,33,304
6820,01611,A,898.17,129,1238
6820,01611,B,911.35,116,993
6820,01611,D,1106.22,158,1573
6820,031779,A,1397.47,89,893
6823,003480,B,19.21,141,1501
6823,01611,A,229.54,74,795
6823,01611,B,947.39,125,1302
6823,020109,C,1545.92,114,1223
6823,020109,D,1141.34,97,828
6823,080212,A,680.13,0,0
6823,080212,B,708.71,149,1491
6823,080212,C,1450.00,47,469
6825,003480,A,167.39,18,173
6825,01611,A,246.61,33,298
6825,01611,B,618.47,191,2012
6825,020109,A,698.68,110,969
6825,031779,B,1530.46,129,1186
6825,031779,C,1176.07,169,1759
6825,031779,D,770.43,170,1709
6825,080212,B,215.69,120,1176
6828,003480,B,1521.58,12,121
6828,01611,B,1263.09,20,196
6828,020109,A,1488.73,14,122
6828,020109,B,595.40,64,664
6828,031779,A,195.81,188,1623
6828,031779,C,1532.97,143,1495
6828,080212,A,119.07,114,1022
6831,003480,B,1232.98,25,233
6831,003480,D,361.13,99,987
6831,01611,A,1336.35,75,802
6831,020109,B,567.92,167,1530
6831,020109,C,1614.89,103,885
6831,080212,A,1183.03,146,1488
6831,080212,B,1075.61,134,1272
6844,003480,C,212.38,48,516
6844,01611,A,8.23,73,651
6844,01611,B,782.87,19,167
6844,020109,C,321.46,69,662
6844,031779,A,80.92,19,168
6844,031779,B,476.57,132,1298
6844,080212,A,507.75,32,290
6844,080212,B,742.23,139,1477
6845,003480,A,1659.54,143,1543
6845,003480,B,1483.74,167,1657
6845,020109,C,374.85,55,562
6845,020109,D,922.34,47,486
6845,080212,C,110.85,125,1345
6845,080212,D,757.23,134,1394
6858,003480,C,1702.84,38,322
6858,01611,A,1319.53,95,898
6858,01611,B,363.77,151,1366
6858,01611,C,100.22,155,1583
6858,01611,D,1320.82,88,881
6858,080212,A,841.69,67,572
6858,080212,B,686.42,128,1217
6858,080212,C,517.93,75,797
6870,003480,A,743.14,136,1247
6870,003480,C,757.68,4,41
6870,01611,B,277.01,155,1322
6870,031779,C,753.40,144,1325
6870,031779,D,945.55,174,1571
6870,080212,B,112.15,91,797
6870,080212,D,768.44,159,1642
6874,003480,A,651.32,179,1791
6874,003480,C,543.52,53,544
6874,003480,D,61.10,7,67
6874,020109,A,1175.91,48,411
6874,020109,C,1216.02,194,1764
6874,031779,C,1307.33,82,773
6874,031779,D,495.57,61,560
6875,003480,A,1313.53,100,963
6875,020109,C,1555.10,88,860
6875,020109,D,688.25,131,1205
6875,031779,A,1062.76,109,1031
6875,031779,C,104.37,34,306
6875,080212,C,1120.94,167,1672
6875,080212,D,1745.52,56,521
6898,003480,A,444.14,179,1664
6898,003480,B,442.21,129,1365
6898,01611,A,1721.97,93,859
6898,01611,B,55.81,60,507
6898,01611,C,836.34,96,993
6898,020109,A,1218.56,48,495
6898,020109,C,647.29,59,576
6898,031779,A,1075.76,161,1473
6898,031779,B,295.20,172,1779
6898,031779,C,1268.77,194,1925
6898,031779,D,1758.32,61,643
6898,080212,A,1000.83,48,432
6898,080212,B,977.08,30,281
6920,003480,A,1699.82,179,1713
6920,003480,D,1245.45,79,802
6920,020109,A,631.71,103,920
6920,020109,B,1146.52,164,1672
6920,020109,C,1021.89,76,804
6920,020109,D,166.10,182,1903
6920,080212,C,1084.58,184,1749
6927,01611,B,759.77,110,1145
6927,01611,C,985.16,197,1675
6927,01611,D,242.51,185,1847
6927,020109,C,881.35,126,1072
6927,080212,A,267.60,62,562
6927,080212,C,1475.27,136,1310
6927,080212,D,14.34,73,641
6930,003480,B,913.27,177,1844
6930,01611,C,1110.22,73,786
6930,020109,B,1301.11,162,1392
6930,020109,C,801.69,25,224
6930,031779,B,1403.26,13,137
6930,031779,C,365.68,47,468
6930,031779,D,1362.79,177,1650
6940,003480,A,1708.52,17,152
6940,003480,B,861.32,93,839
6940,01611,B,173.41,173,1797
6940,020109,C,616.21,192,2000
6940,031779,C,666.48,112,1180
6940,031779,D,166.17,146,1427
6940,080212,A,1538.81,195,1644
6940,080212,C,960.20,178,1870
6942,003480,A,322.74,7,61
6942,003480,B,960.79,61,580
6942,003480,C,1432.00,154,1570
6942,003480,D,1826.43,166,1734
6942,01611,B,859.16,3,27
6942,01611,C,137.45,127,1331
6942,01611,D,1754.91,44,419
6942,020109,B,1849.68,5,49
6942,020109,C,1242.69,15,138
6942,031779,A,1547.98,0,0
6942,031779,C,873.14,26,266
6942,080212,B,292.23,179,1909
6942,080212,C,1549.91,28,300
6951,003480,A,1791.24,189,1797
6951,003480,B,595.83,87,767
6951,003480,D,1595.08,198,1867
6951,01611,C,119.21,1,10
6951,020109,A,21.22,157,1459
6951,020109,B,484.60,120,1065
6951,020109,D,1311.84,94,982
6951,031779,C,1821.40,184,1756
6951,031779,D,1595.57,78,731
6951,080212,B,370.86,28,286
6962,003480,A,103.24,111,1077
6962,003480,C,1116.29,33,288
6962,003480,D,615.69,25,215
6962,01611,A,571.82,154,1420
6962,01611,B,1386.14,111,980
6962,031779,C,506.23,165,1761
6962,031779,D,1287.62,41,436
6972,003480,B,80.84,9,79
6972,003480,C,1277.91,191,1872
6972,003480,D,1307.62,178,1660
6972,01611,B,1232.45,76,673
6972,020109,A,1803.32,194,1976
6972,020109,B,1574.08,123,1146
6972,031779,A,439.09,131,1354
6972,080212,C,101.86,187,1573
6980,003480,A,844.19,185,1866
6980,003480,B,513.20,31,329
6980,01611,B,1436.57,50,511
6980,01611,D,1399.34,126,1316
6980,020109,C,1132.99,104,902
6980,031779,B,1354.94,88,919
6980,080212,C,1851.16,150,1457
6982,003480,A,686.00,181,1642
6982,01611,C,505.39,16,134
6982,020109,A,360.61,161,1414
6982,020109,B,303.15,53,552
6982,031779,A,1929.91,105,952
6982,031779,D,570.00,47,422
6982,080212,C,557.40,5,53
6984,003480,B,1325.01,112,1110
6984,003480,C,1779.16,22,229
6984,003480,D,937.20,157,1538
6984,01611,D,1038.65,40,407
6984,020109,A,769.36,54,582
6984,020109,C,577.24,88,943
6984,031779,B,1898.47,0,0
6984,080212,B,505.18,15,140
6984,080212,C,459.04,17,144
6984,080212,D,878.23,59,585
6995,003480,A,986.36,127,1263
6995,003480,B,1112.50,24,202
6995,01611,C,1199.72,112,1040
6995,020109,A,887.52,79,716
6995,020109,D,1749.66,50,520
6995,031779,C,555.90,8,81
6995,080212,A,1922.42,151,1405
6997,003480,A,105.65,125,1067
6997,003480,C,644.59,63,572
6997,01611,A,1866.28,38,381
6997,020109,A,658.00,101,959
6997,020109,C,428.96,78,685
6997,080212,A,887.47,171,1644
6997,080212,C,1021.29,118,1252
7000,003480,A,0.00,70,743
7000,01611,B,0.00,117,1198
7000,01611,D,0.00,79,758
7000,031779,A,0.00,192,2054
7000,031779,B,0.00,88,871
7000,080212,A,0.00,12,110
7000,080212,C,0.00,112,1005
7006,01611,A,2.40,100,976
7006,01611,C,2.92,6,62
7006,01611,D,6.45,54,466
7006,020109,B,8.08,130,1213
7006,020109,C,7.13,159,1458
7006,031779,B,7.58,177,1610
7006,031779,C,7.11,65,684
7006,080212,A,6.67,113,1183
7018,003480,A,14.24,86,769
7018,01611,A,19.72,101,1033
7018,01611,B,19.64,177,1700
7018,020109,B,3.64,29,269
7018,020109,C,18.32,142,1510
7018,020109,D,9.07,67,602
7018,080212,B,31.46,30,254
7021,01611,A,7.85,132,1277
7021,01611,C,40.05,5,54
7021,020109,A,18.47,161,1580
7021,020109,D,5.66,173,1458
7021,031779,B,13.82,188,1728
7021,031779,D,16.94,9,89
7021,080212,A,5.48,127,1322
7022,003480,C,42.72,172,1555
7022,003480,D,33.11,182,1650
7022,01611,C,0.93,124,1105
7022,01611,D,6.18,144,1403
7022,031779,A,24.45,160,1561
7022,080212,A,29.12,170,1477
7022,080212,D,9.93,95,898
7023,003480,B,8.51,47,480
7023,01611,A,26.46,66,654
7023,01611,C,38.29,114,997
7023,020109,C,32.85,54,476
7023,031779,A,7.93,13,126
7023,080212,A,1.13,91,955
7023,080212,B,31.50,65,610
7033,003480,B,36.85,136,1425
7033,003480,C,28.56,80,736
7033,003480,D,18.93,54,579
7033,01611,A,54.14,100,961
7033,01611,B,47.44,52,477
7033,031779,B,33.56,35,306
7033,031779,D,17.09,32,280
7039,003480,C,11.27,173,1577
7039,01611,A,46.64,124,1093
7039,01611,D,18.95,133,1124
7039,020109,A,13.69,162,1543
7039,020109,B,26.15,124,1124
7039,031779,B,66.79,28,281
7061,003480,B,30.28,56,496
7061,003480,D,100.42,11,116
7061,01611,C,38.96,47,428
7061,020109,C,57.70,43,431
7061,031779,B,21.01,5,53
7061,080212,B,45.21,190,1998
7061,080212,D,70.53,80,692
7068,003480,A,13.12,161,1528
7068,01611,C,58.59,76,652
7068,020109,A,57.19,117,1187
7068,020109,B,71.84,131,1350
7068,020109,D,100.71,126,1073
7068,031779,C,21.23,21,206
7068,080212,B,57.89,118,1083
7073,003480,B,88.74,181,1935
7073,003480,C,82.65,60,641
7073,003480,D,91.68,81,717
7073,031779,A,86.85,147,1396
7073,031779,B,107.36,184,1560
7073,080212,B,98.07,175,1645
7077,01611,B,119.93,122,1178
7077,020109,C,101.26,77,686
7077,031779,A,116.74,54,515
7077,031779,C,87.79,42,447
7077,031779,D,49.80,185,1620
7077,080212,A,13.04,28,277
7077,080212,B,134.84,87,817
7087,003480,B,127.52,68,685
7087,003480,C,27.11,20,200
7087,020109,C,0.85,147,1486
7087,020109,D,155.72,120,1032
7087,031779,C,125.41,179,1844
7087,031779,D,144.42,142,1427
7087,080212,A,26.81,3,29
7087,080212,D,93.19,176,1845
7088,003480,A,3.45,102,1054
7088,01611,A,129.20,11,113
7088,020109,C,102.86,195,1639
7088,080212,A,141.04,32,278
7089,003480,A,68.73,147,1490
7089,003480,C,62.98,63,574
7089,020109,C,107.74,131,1116
7089,031779,A,106.30,42,381
7089,031779,B,128.14,72,700
7089,031779,C,161.14,131,1321
7089,031779,D,139.74,179,1542
7100,01611,A,85.39,175,1627
7100,01611,B,62.84,154,1344
7100,020109,A,162.39,143,1361
7100,031779,A,153.15,142,1423
7100,031779,B,124.24,104,881
7100,080212,B,74.36,14,125
7100,080212,C,15.26,33,287
7104,003480,A,93.12,181,1804
7104,003480,B,75.39,72,705
7104,003480,C,139.81,99,837
7104,003480,D,24.23,131,1386
7104,020109,C,124.65,5,45
7104,080212,A,123.18,18,158
7106,003480,B,20.27,88,927
7106,020109,B,140.60,163,1629
7106,020109,C,151.96,134,1242
7106,031779,A,107.12,64,594
7106,080212,A,36.41,102,897
7106,080212,B,206.93,21,194
7106,080212,D,162.27,99,969
7110,003480,C,209.48,165,1720
7110,01611,B,0.53,47,456
7110,01611,C,122.19,152,1306
7110,020109,A,188.47,19,173
7110,031779,A,115.53,89,828
7110,080212,B,169.66,81,743
7110,080212,C,212.28,56,487
7113,003480,B,81.75,98,889
7113,003480,D,118.07,60,613
7113,01611,A,115.96,175,1843
7113,020109,B,185.15,112,1009
7113,020109,D,202.28,139,1431
7113,080212,B,165.26,147,1410
7113,080212,D,187.91,87,834
7115,01611,B,160.25,159,1562
7115,020109,A,114.20,193,1632
7115,031779,D,6.69,14,132
7115,080212,A,44.64,108,1118
7115,080212,C,73.88,8,79
7120,003480,A,227.01,151,1328
7120,003480,B,216.00,80,853
7120,003480,D,122.33,13,127
7120,01611,B,215.87,144,1396
7120,01611,C,232.39,181,1622
7120,020109,A,26.71,139,1466
7120,020109,B,29.08,190,1886
7120,020109,C,72.78,110,1077
7120,020109,D,216.86,35,341
7120,031779,B,96.89,10,87
7120,031779,C,34.42,12,101
7120,031779,D,25.47,117,1062
7120,080212,C,157.28,44,449
7120,080212,D,59.27,5,49
7122,003480,A,153.52,75,741
7122,01611,C,237.55,132,1134
7122,01611,D,2.64,173,1721
7122,020109,A,64.98,19,187
7122,031779,B,153.46,190,1917
7122,031779,C,154.06,66,682
7122,031779,D,87.95,74,696
7124,01611,B,130.30,140,1388
7124,01611,D,95.76,12,111
7124,020109,B,54.46,42,376
7124,020109,C,160.34,40,428
7124,080212,A,202.92,162,1432
7124,080212,B,244.80,64,679
7124,080212,C,55.92,181,1898
7126,003480,B,134.87,121,1047
7126,003480,C,53.09,174,1525
7126,003480,D,149.44,40,347
7126,01611,B,135.84,192,2027
7126,020109,C,147.92,110,1050
7126,031779,A,188.46,156,1547
7126,031779,B,33.44,125,1216
7126,031779,C,31.62,24,214
7126,031779,D,207.57,83,737
7126,080212,A,30.70,19,166
7126,080212,B,236.58,21,190
7128,003480,B,120.64,19,203
7128,003480,C,32.29,126,1095
7128,003480,D,50.09,130,1236
7128,01611,A,24.98,116,1202
7128,020109,A,211.90,18,168
7128,020109,C,115.31,123,1092
7128,031779,A,254.84,135,1381
7128,031779,B,21.07,157,1622
7134,003480,B,111.07,19,183
7134,003480,C,79.97,123,1072
7134,01611,A,186.84,53,531
7134,01611,B,82.82,106,919
7134,01611,C,155.40,67,718
7134,020109,B,6.56,50,453
7134,020109,C,197.31,190,1727
7134,020109,D,167.41,172,1806
7148,003480,A,58.41,166,1420
7148,01611,C,246.62,196,1823
7148,020109,A,157.07,38,356
7148,020109,B,96.81,51,453
7148,020109,C,0.78,130,1246
7148,031779,B,67.33,71,745
7148,080212,B,219.57,127,1087
7152,003480,A,153.60,38,396
7152,003480,B,30.48,85,730
7152,003480,D,22.30,91,920
7152,020109,A,188.42,25,250
7152,031779,A,154.65,84,716
7152,031779,C,8.82,82,834
7152,080212,C,144.88,132,1336
7166,003480,B,276.20,50,475
7166,003480,C,185.55,122,1125
7166,01611,A,85.43,121,1274
7166,01611,C,46.64,115,1209
7166,020109,B,70.57,45,452
7166,020109,C,235.76,65,616
7166,031779,C,233.73,189,1961
7166,080212,C,189.66,59,631
7167,003480,B,159.23,153,1333
7167,003480,C,227.10,105,939
7167,031779,A,14.02,191,2032
7167,031779,C,321.44,8,80
7167,031779,D,279.19,26,224
7167,080212,A,118.63,93,990
7167,080212,B,303.84,76,814
7171,003480,C,270.34,156,1370
7171,020109,C,261.61,161,1524
7171,031779,A,227.12,191,1917
7171,031779,B,314.77,10,105
7171,031779,D,333.41,176,1730
7171,080212,B,81.96,40,395
7171,080212,D,130.25,95,1020
7177,003480,A,217.16,71,613
7177,003480,B,21.63,87,895
7177,01611,A,146.60,0,0
7177,01611,B,255.83,111,1178
7177,01611,D,352.49,6,52
7177,020109,A,299.55,106,892
7177,020109,B,253.95,77,669
7177,031779,A,90.84,59,600
7177,031779,B,232.04,48,420
7177,031779,C,243.14,167,1734
7177,080212,A,151.09,127,1269
7177,080212,B,36.61,66,565
7177,080212,C,153.30,173,1590
7185,003480,A,338.22,91,923
7185,01611,B,341.65,36,348
7185,01611,C,258.10,117,1034
7185,020109,C,340.44,114,1056
7185,020109,D,168.09,140,1470
7185,080212,B,80.26,139,1256
7185,080212,D,164.88,148,1571
7193,003480,A,265.32,33,290
7193,003480,C,157.06,21,213
7193,01611,B,211.02,39,352
7193,020109,A,134.11,160,1453
7193,020109,B,337.04,172,1492
7193,031779,A,273.21,138,1277
7193,031779,C,172.14,119,1283
7197,003480,A,147.24,153,1637
7197,003480,B,160.81,8,85
7197,031779,A,120.06,12,109
7197,031779,B,277.78,44,422
7197,031779,C,391.96,6,51
7197,080212,A,92.30,118,1030
7197,080212,B,233.03,117,1156
7197,080212,C,306.42,74,791
7207,003480,B,30.96,24,205
7207,003480,C,174.76,154,1419
7207,01611,A,180.83,170,1798
7207,01611,C,186.94,4,42
7207,01611,D,396.17,59,636
7207,020109,A,95.52,96,1011
7207,020109,B,399.81,72,772
7207,031779,B,274.63,186,1726
7207,031779,D,271.12,47,502
7207,080212,B,338.75,89,797
7207,080212,C,151.14,175,1827
7207,080212,D,88.87,184,1885
7210,003480,C,178.36,190,1754
7210,01611,B,209.69,33,354
7210,01611,D,357.64,60,524
7210,020109,C,201.57,84,860
7210,020109,D,315.05,142,1389
7210,031779,B,269.83,42,406
7210,031779,C,315.06,110,1178
7218,003480,B,386.81,154,1530
7218,003480,C,181.52,65,604
7218,020109,B,287.28,135,1337
7218,031779,B,24.29,22,222
7218,031779,C,357.03,12,108
7218,031779,D,72.52,82,885
7218,080212,B,364.21,79,763
7222,003480,A,263.78,173,1686
7222,003480,B,7.34,170,1687
7222,01611,C,332.14,142,1368
7222,031779,A,246.64,32,328
7222,031779,C,180.81,131,1191
7222,080212,A,130.21,160,1572
7222,080212,C,388.77,0,0
7230,003480,B,256.94,103,897
7230,01611,C,73.80,90,918
7230,01611,D,430.97,20,212
7230,020109,A,195.50,116,1226
7230,031779,A,416.72,64,613
7230,031779,B,405.88,128,1364
7230,080212,A,329.07,198,2076
7230,080212,B,261.37,163,1425
7230,080212,C,445.59,1,10
7233,003480,B,115.64,130,1328
7233,01611,B,76.89,55,477
7233,020109,C,72.61,39,370
7233,031779,B,202.85,115,1005
7233,031779,C,453.67,144,1232
7233,031779,D,3.94,97,901
7235,003480,B,146.00,26,256
7235,01611,B,145.98,44,467
7235,01611,C,436.60,102,954
7235,080212,B,209.64,152,1620
7235,080212,D,35.72,78,701
7240,003480,B,37.95,57,520
7240,003480,D,411.03,191,1822
7240,01611,A,471.25,117,1062
7240,01611,D,4.84,10,89
7240,020109,A,123.09,140,1372
7240,020109,B,107.46,12,109
7240,020109,C,293.03,189,1944
7240,031779,A,17.53,76,677
7240,031779,B,49.98,16,168
7240,031779,D,378.85,10,105
7240,080212,B,135.72,34,308
7246,003480,B,452.02,119,1119
7246,01611,B,476.39,44,396
7246,01611,C,110.25,120,1254
7246,01611,D,377.84,7,70
7246,031779,A,422.13,129,1274
7246,031779,C,480.23,58,550
7246,031779,D,281.79,22,215
7246,080212,C,286.28,16,138
7247,003480,A,474.03,80,722
7247,003480,C,169.07,113,1101
7247,003480,D,466.92,57,490
7247,020109,C,250.13,160,1694
7247,031779,B,166.37,197,1744
7247,080212,B,128.55,45,470
7247,080212,D,485.59,155,1343
7253,01611,B,219.87,174,1833
7253,01611,C,167.04,95,972
7253,020109,A,424.67,36,378
7253,020109,C,78.33,88,814
7253,020109,D,497.63,200,2148
7253,031779,A,18.46,43,405
7253,031779,D,109.64,81,742
7253,080212,B,455.43,164,1525
7253,080212,D,424.76,44,461
7257,003480,A,482.58,45,437
7257,020109,A,152.48,79,820
7257,031779,A,377.54,197,1998
7257,031779,B,464.13,44,467
7257,031779,D,74.62,57,552
7257,080212,A,64.99,169,1444
7257,080212,B,308.72,27,265
7259,003480,B,496.35,0,0
7259,003480,C,95.07,85,800
7259,003480,D,12.34,103,1103
7259,01611,A,254.61,143,1249
7259,01611,C,312.69,19,200
7259,020109,A,162.68,103,869
7259,031779,C,369.47,3,29
7259,031779,D,192.76,114,1153
7259,080212,B,403.28,96,1008
7265,003480,A,89.11,62,601
7265,003480,D,330.41,172,1482
7265,01611,A,393.66,170,1796
7265,020109,B,228.31,161,1541
7265,031779,A,62.40,138,1215
7265,031779,C,399.37,158,1363
7265,080212,C,194.06,186,1782
7286,01611,B,537.02,104,988
7286,01611,C,130.60,151,1429
7286,020109,A,73.70,66,700
7286,020109,B,28.03,196,1702
7286,020109,D,285.98,184,1587
7286,031779,C,510.52,44,440
7286,080212,A,184.47,148,1445
7299,003480,C,227.89,98,1043
7299,01611,A,594.46,87,858
7299,01611,B,74.07,200,1868
7299,01611,C,106.41,57,549
7299,020109,A,405.07,120,1287
7299,020109,C,563.55,11,114
7299,031779,B,251.85,126,1257
7302,003480,A,421.67,197,2010
7302,01611,B,343.56,125,1170
7302,01611,C,337.47,152,1428
7302,020109,A,269.00,107,1026
7302,020109,C,50.11,145,1415
7302,020109,D,218.93,47,455
7311,003480,C,168.20,83,741
7311,020109,C,467.88,105,913
7311,031779,B,311.50,113,975
7311,080212,A,362.79,138,1464
7311,080212,B,58.48,77,764
7311,080212,C,122.66,140,1458
7311,080212,D,32.14,1,10
7319,003480,C,508.13,167,1536
7319,01611,C,50.87,199,1746
7319,020109,A,286.09,129,1153
7319,020109,D,444.36,171,1563
7319,080212,A,158.18,137,1370
7319,080212,B,381.88,93,980
7319,080212,C,235.70,196,1775
7327,003480,A,522.12,6,60
7327,003480,B,266.34,133,1209
7327,003480,D,290.48,173,1855
7327,01611,C,196.24,43,439
7327,031779,B,449.19,118,1036
7327,080212,A,436.10,104,1045
7327,080212,C,411.84,174,1692
7327,080212,D,137.99,148,1320
7329,003480,B,591.29,112,1079
7329,003480,C,219.70,76,817
7329,020109,C,629.21,111,1187
7329,031779,A,311.22,24,226
7329,031779,C,200.51,159,1528
7329,031779,D,422.43,90,860
7329,080212,B,567.69,18,192
7336,003480,A,663.69,118,1273
7336,020109,A,385.62,135,1414
7336,031779,D,409.36,77,826
7336,080212,B,162.78,184,1892
7336,080212,C,459.37,5,44
7354,01611,A,15.03,141,1333
7354,020109,A,22.23,10,107
7354,031779,B,589.08,195,1721
7354,080212,A,322.34,55,494
7354,080212,D,49.46,195,1892
7360,003480,A,578.44,159,1517
7360,003480,C,63.92,3,27
7360,01611,A,410.77,154,1457
7360,01611,D,464.76,31,334
7360,020109,A,15.66,143,1534
7360,031779,A,105.98,30,302
7379,003480,A,352.29,153,1296
7379,003480,D,562.31,69,666
7379,01611,B,82.47,39,334
7379,01611,C,466.31,153,1391
7379,01611,D,581.59,4,36
7379,031779,B,21.58,52,539
7379,080212,C,348.10,82,819
7385,01611,B,22.95,181,1802
7385,01611,D,90.60,69,628
7385,020109,A,663.78,127,1149
7385,031779,B,397.76,145,1525
7385,031779,C,225.85,114,1220
7385,031779,D,671.46,52,452
7391,003480,A,111.86,57,540
7391,003480,B,603.04,76,810
7391,01611,B,117.19,121,1064
7391,020109,C,739.93,190,1770
7391,031779,A,441.59,129,1314
7391,031779,B,395.95,54,483
7391,031779,C,503.35,200,1788
7391,080212,B,39.97,153,1648
7391,080212,C,124.38,196,2062
7391,080212,D,434.07,121,1045
7395,003480,A,47.14,24,242
7395,003480,B,459.76,59,504
7395,003480,C,521.68,97,868
7395,020109,A,771.84,91,810
7395,020109,C,571.32,46,417
7395,031779,D,559.60,161,1398
7397,003480,A,214.03,176,1835
7397,003480,B,624.53,176,1897
7397,003480,C,166.87,130,1321
7397,003480,D,128.41,92,820
7397,01611,B,111.98,197,2048
7397,01611,C,698.23,136,1427
7397,031779,B,271.21,50,494
7412,01611,A,291.03,173,1546
7412,01611,B,178.76,134,1366
7412,020109,A,164.44,64,625
7412,020109,B,224.19,60,610
7412,020109,C,84.67,38,370
7412,020109,D,527.73,28,280
7412,031779,B,321.41,139,1341
7414,003480,C,0.28,101,998
7414,01611,A,124.03,50,460
7414,020109,A,729.35,70,619
7414,031779,A,163.55,62,568
7414,031779,B,1.67,119,1236
7414,080212,C,786.02,177,1684
7414,080212,D,695.37,114,1202
7417,01611,A,715.98,152,1541
7417,01611,D,184.61,155,1490
7417,020109,B,199.16,195,1969
7417,020109,D,46.55,142,1218
7417,031779,A,434.99,144,1551
7417,031779,C,226.17,141,1411
7417,031779,D,239.20,171,1673
7417,080212,B,519.10,143,1440
7419,003480,B,339.89,54,529
7419,003480,C,264.11,127,1349
7419,003480,D,476.97,198,1857
7419,01611,B,648.91,61,625
7419,01611,D,812.31,164,1745
7419,020109,B,523.20,57,487
7419,031779,A,7.16,12,112
7419,080212,A,179.58,105,1027
7419,080212,C,464.23,185,1939
7419,080212,D,203.80,53,551
7428,003480,B,796.64,23,236
7428,003480,C,647.34,85,813
7428,01611,A,495.26,153,1621
7428,020109,B,841.07,121,1200
7428,020109,D,451.10,64,544
7428,031779,A,255.81,198,2096
7428,031779,B,361.84,182,1771
7428,031779,C,351.33,107,1008
7429,01611,B,45.93,145,1298
7429,020109,B,856.57,149,1439
7429,020109,C,550.72,157,1616
7429,020109,D,661.72,101,946
7429,031779,A,2.18,45,451
7429,080212,A,350.40,177,1578
7429,080212,B,365.20,42,375
7432,003480,A,192.97,195,2092
7432,003480,B,158.31,145,1559
7432,01611,C,265.82,51,493
7432,020109,A,793.22,48,454
7432,031779,A,196.20,179,1821
7432,031779,B,232.09,41,369
7432,080212,B,13.99,51,466
7439,003480,A,656.48,81,848
7439,003480,C,736.09,42,361
7439,003480,D,443.07,1,11
7439,01611,C,267.49,72,741
7439,031779,B,162.62,47,451
7439,031779,C,212.31,183,1557
7439,080212,A,647.41,167,1413
7454,003480,A,756.36,119,1201
7454,01611,B,121.22,48,465
7454,020109,C,251.75,52,474
7454,020109,D,521.04,27,232
7454,031779,A,35.71,93,905
7454,031779,C,4.58,2,20
7454,080212,B,512.44,164,1733
7457,003480,C,15.81,84,732
7457,020109,B,123.86,178,1559
7457,020109,D,403.27,66,595
7457,031779,A,663.19,103,1045
7457,031779,B,480.39,0,0
7459,01611,B,800.05,112,1191
7459,01611,D,395.88,181,1845
7459,020109,B,538.19,49,420
7459,020109,D,486.34,26,262
7459,031779,C,636.71,164,1700
7459,031779,D,381.74,195,1666
7459,080212,C,424.75,131,1143
7462,003480,C,351.73,18,186
7462,020109,A,277.48,187,1783
7462,020109,B,2.43,75,663
7462,020109,C,493.53,43,430
7462,020109,D,906.58,183,1674
7462,080212,B,515.56,83,721
7462,080212,C,706.65,70,702
7468,003480,C,839.30,132,1121
7468,003480,D,87.11,193,1788
7468,01611,B,161.12,158,1353
7468,020109,B,21.70,8,68
7468,031779,C,11.76,107,972
7468,080212,B,406.54,181,1931
7468,080212,C,254.10,15,127
7480,003480,C,582.45,103,1028
7480,01611,A,168.49,75,777
7480,01611,C,670.48,126,1119
7480,020109,B,869.35,83,780
7480,020109,D,332.31,50,513
7480,031779,A,580.29,9,85
7480,080212,A,129.89,180,1692
7486,003480,B,708.26,87,806
7486,003480,D,870.18,24,244
7486,01611,C,295.34,173,1654
7486,020109,A,10.55,7,74
7486,020109,B,842.35,54,493
7486,031779,B,125.46,134,1179
7486,031779,C,294.73,77,778
7498,003480,C,851.61,19,197
7498,01611,B,249.22,77,684
7498,020109,A,375.15,0,0
7498,031779,D,923.76,170,1472
7498,080212,A,354.89,3,29
7501,003480,B,890.14,27,269
7501,020109,B,881.78,97,896
7501,031779,C,178.15,113,1145
7501,031779,D,926.62,139,1354
7501,080212,B,230.81,132,1290
7501,080212,C,853.72,196,1941
7501,080212,D,76.97,79,691
7509,01611,B,204.86,120,1024
7509,020109,B,486.60,19,175
7509,020109,C,853.89,176,1811
7509,020109,D,497.74,144,1261
7509,031779,A,782.03,22,201
7509,031779,C,50.54,197,2030
7509,080212,C,351.53,154,1602
7517,003480,A,348.01,184,1833
7517,01611,A,890.63,48,490
7517,01611,B,232.73,139,1494
7517,020109,A,484.57,124,1222
7517,020109,D,757.12,96,832
7517,031779,A,721.73,72,685
7517,031779,C,412.13,10,92
7517,080212,C,15.29,23,230
7520,003480,A,56.15,157,1547
7520,003480,D,957.83,70,721
7520,01611,A,662.32,112,1154
7520,01611,C,268.50,90,834
7520,031779,B,836.19,49,493
7520,080212,C,999.50,53,555
7532,003480,B,1009.52,158,1518
7532,003480,C,610.61,37,395
7532,01611,A,941.50,114,986
7532,020109,B,705.97,97,878
7532,031779,A,373.75,85,773
7532,031779,C,731.97,56,563
7532,080212,A,437.35,112,960
7535,003480,C,515.50,101,989
7535,01611,B,730.96,43,366
7535,01611,C,576.94,92,855
7535,01611,D,471.84,153,1398
7535,020109,B,762.14,175,1500
7535,020109,C,910.60,95,852
7535,031779,A,130.04,65,695
7535,031779,C,654.71,138,1378
7538,003480,B,371.45,178,1642
7538,003480,C,931.57,166,1558
7538,020109,B,427.88,61,612
7538,020109,D,653.69,20,210
7538,031779,C,563.08,90,775
7538,080212,B,811.05,59,537
7538,080212,C,762.78,192,1744
7551,003480,A,818.00,35,334
7551,003480,B,436.29,152,1288
7551,01611,C,719.18,104,879
7551,020109,B,57.09,131,1125
7551,020109,D,109.46,187,1779
7551,031779,B,1095.61,117,1181
7551,080212,A,916.82,35,369
7553,003480,A,944.49,119,1248
7553,003480,D,386.14,125,1051
7553,01611,A,202.67,85,723
7553,01611,C,157.74,54,556
7553,01611,D,307.35,36,374
7553,020109,B,118.94,154,1654
7553,080212,C,776.49,181,1792
7557,01611,C,301.05,16,166
7557,020109,B,193.00,176,1594
7557,031779,A,485.09,44,431
7557,031779,B,39.83,191,1968
7557,031779,D,314.09,77,740
7557,080212,A,869.71,96,954
7562,003480,A,33.41,47,496
7562,01611,A,415.69,13,114
7562,020109,A,540.34,89,857
7562,020109,D,798.07,126,1162
7562,031779,A,966.83,95,961
7562,031779,B,59.41,134,1421
7562,031779,C,59.96,190,1766
7562,031779,D,422.71,51,442
7562,080212,B,921.17,57,568
7566,003480,B,1001.32,94,858
7566,003480,D,409.31,134,1228
7566,020109,A,846.71,100,1012
7566,020109,B,273.58,75,701
7566,020109,C,143.34,69,628
7566,031779,A,456.80,8,79
7566,080212,A,702.22,67,708
7568,003480,D,145.37,35,318
7568,01611,B,1011.49,135,1186
7568,020109,A,205.37,33,336
7568,031779,A,1064.09,92,885
7568,080212,B,307.74,74,721
7578,003480,B,232.73,70,635
7578,003480,C,805.91,83,842
7578,003480,D,952.31,88,826
7578,01611,B,1002.30,129,1197
7578,031779,B,959.60,87,885
7578,031779,C,49.29,112,1151
7578,080212,B,589.67,128,1380
7581,003480,B,1003.62,15,131
7581,020109,A,69.60,119,1167
7581,020109,B,608.32,48,443
7581,031779,A,459.25,199,1827
7581,080212,B,1147.08,159,1380
7581,080212,C,145.29,10,93
7581,080212,D,776.65,30,254
7582,003480,C,1.67,158,1678
7582,01611,A,238.75,78,690
7582,01611,B,605.41,2,18
7582,020109,A,619.71,95,851
7582,031779,A,404.83,22,209
7582,031779,B,62.22,34,316
7582,080212,A,1031.69,146,1393
7583,003480,A,703.82,192,1815
7583,01611,C,784.29,187,1602
7583,031779,A,189.65,49,527
7583,031779,C,142.68,99,867
7583,031779,D,42.69,187,1974
7583,080212,B,333.68,195,1815
7584,003480,A,196.13,117,1062
7584,003480,B,972.18,10,99
7584,003480,C,507.51,200,2053
7584,020109,A,977.03,160,1508
7584,020109,B,251.44,170,1810
7584,020109,D,574.49,69,589
7584,080212,A,447.28,30,286
7584,080212,C,909.63,164,1486
7585,003480,C,260.09,135,1294
7585,01611,A,678.02,56,518
7585,01611,B,1013.20,84,787
7585,01611,C,417.10,101,1061
7585,020109,C,180.40,173,1705
7585,020109,D,916.28,106,993
7585,080212,C,521.26,161,1644
7589,01611,C,783.78,157,1629
7589,031779,A,171.61,122,1127
7589,031779,C,720.44,6,63
7589,031779,D,718.03,164,1471
7589,080212,C,63.82,49,469
7599,003480,B,405.91,55,550
7599,01611,A,603.20,190,1878
7599,01611,B,415.92,144,1329
7599,020109,A,402.77,96,911
7599,031779,C,1013.00,84,814
7599,080212,C,1194.54,168,1475
7599,080212,D,1146.80,134,1399
7602,003480,A,815.18,162,1416
7602,003480,B,824.80,68,675
7602,020109,C,1015.93,88,888
7602,031779,B,1138.43,149,1381
7602,031779,C,948.84,176,1588
7602,080212,A,350.43,151,1513
7602,080212,C,289.79,119,1278
7604,003480,B,325.60,99,869
7604,01611,B,880.09,133,1312
7604,020109,A,1108.81,70,726
7604,020109,C,354.88,95,970
7604,080212,B,570.12,66,679
7604,080212,C,649.71,200,1769
7604,080212,D,660.68,167,1508
7617,003480,A,907.18,169,1487
7617,003480,C,797.38,92,856
7617,003480,D,1010.31,21,190
7617,01611,B,1151.30,10,100
7617,01611,C,532.04,179,1519
7617,020109,D,120.49,56,488
7617,031779,A,427.45,130,1109
7617,031779,B,1099.83,15,156
7617,031779,C,799.55,15,155
7617,031779,D,735.41,196,1971
7617,080212,B,944.07,44,409
7617,080212,C,200.88,5,52
7621,003480,A,236.74,198,1779
7621,01611,A,782.76,179,1818
7621,01611,B,1039.19,134,1293
7621,020109,B,882.00,112,973
7621,020109,C,990.94,178,1641
7621,020109,D,429.25,182,1574
7621,080212,A,1130.67,76,680
7628,003480,B,1003.23,88,852
7628,003480,C,737.07,83,864
7628,01611,B,1188.38,163,1650
7628,020109,B,965.34,21,190
7628,031779,B,876.95,175,1619
7628,080212,A,678.32,123,1178
7628,080212,D,388.89,5,47
7635,003480,B,759.22,172,1711
7635,003480,C,1037.40,156,1607
7635,031779,B,263.05,74,661
7635,031779,C,1084.88,58,557
7635,080212,A,775.50,64,563
7635,080212,B,1057.50,164,1442
7635,080212,D,1150.31,90,805
7636,003480,C,14.39,103,1021
7636,01611,B,122.38,129,1109
7636,01611,C,455.87,51,443
7636,020109,B,39.50,102,1041
7636,020109,C,981.16,158,1496
7636,080212,A,657.44,49,502
7636,080212,B,383.80,84,868
7654,003480,A,450.07,57,593
7654,003480,C,625.17,123,1319
7654,003480,D,364.56,167,1563
7654,01611,B,419.59,41,392
7654,01611,D,830.81,70,650
7654,031779,C,770.27,140,1350
7654,080212,B,65.31,122,1272
7654,080212,D,591.00,68,650
7666,003480,A,409.73,89,850
7666,003480,B,1021.27,70,664
7666,01611,A,336.95,99,1065
7666,01611,C,559.68,195,1770
7666,01611,D,924.56,48,500
7666,020109,A,253.07,100,998
7666,020109,C,1063.74,102,1094
7666,031779,C,853.87,7,70
7684,003480,A,770.92,52,475
7684,003480,D,1236.80,188,1833
7684,01611,A,1359.86,131,1212
7684,020109,A,286.40,7,73
7684,080212,A,507.79,131,1352
7684,080212,C,866.03,63,534
7685,003480,A,1130.99,124,1238
7685,003480,B,466.23,23,240
7685,003480,C,665.80,145,1331
7685,01611,B,1042.67,11,118
7685,01611,D,502.67,186,1588
7685,020109,C,1308.05,31,275
7685,031779,A,753.24,165,1446
7685,031779,B,1118.83,47,442
7685,031779,C,1133.85,197,1803
7685,031779,D,495.55,0,0
7685,080212,A,995.48,179,1512
7693,003480,C,574.95,67,617
7693,01611,B,383.49,23,216
7693,020109,A,180.50,21,209
7693,020109,B,137.06,144,1461
7693,020109,C,744.22,166,1715
7693,020109,D,303.80,121,1232
7693,031779,A,80.01,153,1315
7693,031779,B,1035.25,191,1704
7693,080212,B,791.13,89,915
7693,080212,C,1221.22,184,1628
7711,003480,B,399.29,22,198
7711,003480,C,822.59,155,1408
7711,003480,D,455.77,197,1887
7711,01611,A,528.32,77,678
7711,01611,B,972.64,4,36
7711,01611,D,408.12,163,1420
7711,020109,A,202.07,41,412
7711,020109,C,1291.78,26,252
7711,031779,D,1166.16,180,1847
7711,080212,A,881.08,185,1941
7711,080212,B,410.43,79,808
7711,080212,C,191.15,167,1687
7716,003480,A,138.51,58,518
7716,003480,B,341.13,90,776
7716,003480,D,487.65,68,656
7716,01611,A,162.98,30,260
7716,01611,C,494.53,64,677
7716,01611,D,783.65,71,709
7716,020109,C,1352.59,74,724
7716,031779,A,688.14,30,255
7716,080212,B,136.32,118,1087
7720,003480,B,149.23,80,679
7720,020109,A,435.99,7,62
7720,031779,B,1394.48,115,1228
7720,080212,B,731.37,112,961
7720,080212,C,533.41,68,576
7720,080212,D,873.22,74,780
7721,003480,B,1075.95,146,1373
7721,003480,C,726.59,46,473
7721,003480,D,709.47,64,540
7721,031779,A,1113.87,94,923
7721,080212,A,109.37,92,808
7721,080212,C,28.44,181,1904
7721,080212,D,307.77,50,462
7724,003480,B,921.13,99,897
7724,01611,A,1331.49,47,424
7724,020109,A,310.11,9,95
7724,020109,C,496.27,29,307
7724,031779,B,512.07,147,1290
7724,031779,C,1263.71,79,704
7724,080212,B,1233.59,17,147
7737,003480,C,1144.56,149,1306
7737,01611,A,400.00,163,1605
7737,020109,C,1375.77,71,738
7737,031779,B,540.16,48,507
7737,031779,C,560.26,200,1837
7737,080212,A,578.46,195,1732
7737,080212,B,1350.96,84,822
7746,003480,A,102.00,5,52
7746,003480,B,892.95,186,1568
7746,003480,C,1373.88,39,343
7746,01611,A,54.71,88,943
7746,01611,D,1025.21,196,1779
7746,031779,C,113.42,187,1571
7746,080212,A,488.54,54,512
7746,080212,C,1096.68,4,42
7750,003480,B,1306.58,57,536
7750,01611,A,465.91,17,168
7750,01611,B,97.47,39,345
7750,020109,B,699.87,183,1911
7750,031779,C,162.57,67,617
7750,031779,D,857.05,74,796
7750,080212,A,515.17,90,945
7758,01611,A,15.67,134,1151
7758,020109,A,102.99,101,881
7758,020109,B,1066.89,64,635
7758,020109,D,1205.32,70,691
7758,031779,B,1419.88,69,597
7758,080212,B,292.76,160,1671
7758,080212,C,1035.40,80,759
7765,003480,A,1327.05,194,1991
7765,003480,B,174.92,125,1213
7765,003480,C,1043.90,55,563
7765,003480,D,685.27,170,1780
7765,080212,A,492.71,54,559
7765,080212,B,649.29,141,1430
7772,003480,A,141.77,2,17
7772,01611,B,506.17,85,723
7772,01611,C,328.76,171,1586
7772,020109,B,1482.98,185,1998
7772,020109,C,1464.67,43,426
7772,031779,A,767.86,10,97
7772,080212,C,1002.41,82,740
7778,003480,A,1302.21,2,21
7778,003480,B,754.29,55,581
7778,003480,D,148.21,151,1386
7778,01611,A,317.80,4,40
7778,031779,D,645.45,200,1866
7785,003480,A,1423.71,179,1645
7785,003480,B,1417.88,123,1140
7785,020109,A,1418.99,180,1535
7785,020109,C,504.96,197,1877
7785,031779,A,66.91,189,1847
7785,031779,B,1397.54,157,1424
7785,031779,C,1469.08,57,560
7786,003480,C,761.55,19,194
7786,01611,A,268.25,39,376
7786,020109,C,53.97,200,2013
7786,031779,B,556.77,161,1733
7786,031779,C,221.21,114,1028
7786,031779,D,439.07,71,645
7786,080212,B,444.65,101,865
7787,003480,B,552.59,48,421
7787,003480,C,476.64,143,1458
7787,01611,B,999.24,97,1041
7787,01611,C,1132.42,67,661
7787,031779,A,1161.42,2,19
7787,031779,B,240.45,120,1213
7787,031779,C,245.40,81,709
7787,080212,C,218.19,6,59
7789,003480,C,1159.19,148,1465
7789,01611,B,576.74,40,410
7789,01611,D,499.42,30,254
7789,020109,A,873.91,178,1632
7789,020109,C,1306.38,159,1354
7789,031779,C,647.63,53,477
7789,080212,A,824.62,73,628
7801,003480,B,1103.40,89,947
7801,003480,C,48.78,4,36
7801,01611,C,1136.34,15,141
7801,020109,A,423.53,31,304
7801,020109,C,824.08,28,267
7801,031779,A,1342.36,75,678
7801,031779,B,117.63,181,1603
7801,080212,A,661.67,133,1306
7802,003480,A,1487.70,107,901
7802,01611,B,198.71,6,63
7802,020109,A,386.83,65,596
7802,031779,C,348.40,191,1791
7802,031779,D,111.37,1,11
7802,080212,A,1130.74,36,367
7802,080212,B,1016.72,83,835
7809,003480,A,238.63,58,503
7809,003480,B,935.84,65,620
7809,003480,D,1178.03,44,465
7809,01611,B,158.28,178,1778
7809,031779,B,428.65,2,21
7809,031779,C,327.39,59,498
7809,080212,A,612.12,161,1532
7811,003480,B,1234.92,186,1730
7811,01611,A,996.68,68,695
7811,01611,D,1573.00,55,535
7811,031779,A,809.26,105,945
7811,080212,D,1178.11,34,328
7820,003480,A,1427.49,94,869
7820,003480,B,446.41,22,192
7820,01611,C,370.10,1,9
7820,031779,B,1202.86,66,632
7820,080212,B,807.48,102,961
7820,080212,C,1474.97,43,427
7820,080212,D,169.76,36,366
7837,01611,C,901.89,169,1768
7837,020109,A,861.60,146,1399
7837,020109,C,862.46,103,876
7837,031779,A,940.63,87,829
7837,031779,C,1063.73,108,930
7837,031779,D,118.74,44,382
7844,003480,A,911.33,53,564
7844,003480,B,1543.46,178,1574
7844,003480,C,1524.66,194,1661
7844,01611,A,1498.04,33,339
7844,01611,B,1577.12,140,1379
7844,01611,C,338.33,127,1247
7844,01611,D,284.62,65,560
7844,020109,A,1270.48,43,422
7844,020109,B,726.77,44,388
7844,031779,B,961.57,2,20
7844,031779,C,357.00,30,316
7844,031779,D,209.57,88,894
7844,080212,A,366.50,139,1466
7844,080212,D,1363.17,163,1459
7845,003480,C,1010.46,163,1660
7845,01611,D,783.41,195,2084
7845,031779,A,1668.24,195,1880
7845,031779,B,915.35,92,854
7845,080212,C,1314.90,24,255
7846,003480,A,1356.06,122,1300
7846,003480,B,651.10,89,904
7846,003480,D,601.12,74,752
7846,01611,A,1378.58,132,1372
7846,020109,A,680.74,104,1034
7846,020109,C,1348.84,169,1737
7846,020109,D,1405.00,131,1147
7846,031779,B,347.39,200,1709
7846,031779,D,945.88,145,1253
7846,080212,A,658.55,155,1457
7847,003480,B,1576.46,63,616
7847,003480,C,1640.96,154,1337
7847,01611,A,11.17,103,1078
7847,01611,C,226.24,192,1908
7847,020109,A,1366.61,45,388
7847,020109,B,1010.24,156,1452
7847,020109,D,98.89,45,426
7847,031779,A,646.32,40,339
7847,080212,A,769.52,99,891
7847,080212,B,236.76,81,698
7847,080212,D,1493.76,186,1843
7854,003480,B,502.45,171,1557
7854,003480,D,468.91,195,1841
7854,01611,B,19.97,54,502
7854,01611,C,1631.84,177,1794
7854,031779,B,123.91,110,1129
7854,080212,B,148.13,8,81
7859,003480,B,889.43,179,1896
7859,01611,A,719.61,4,39
7859,020109,B,1032.59,106,1078
7859,031779,B,1480.11,3,26
7859,031779,C,123.96,196,1649
7859,031779,D,403.47,132,1165
7859,080212,A,491.63,78,795
7868,003480,A,1063.79,20,206
7868,003480,C,1319.69,52,446
7868,003480,D,839.75,8,70
7868,01611,A,992.13,69,641
7868,01611,C,57.29,197,1809
7868,020109,A,427.72,172,1505
7868,031779,B,1355.72,52,538
7868,031779,C,436.19,53,492
7868,031779,D,94.04,149,1340
7868,080212,C,71.94,170,1527
7871,003480,A,870.78,44,424
7871,01611,A,1515.58,128,1320
7871,01611,B,1706.40,186,1966
7871,020109,A,591.57,128,1366
7871,031779,A,1301.57,46,421
7871,031779,C,196.66,85,787
7871,031779,D,691.66,20,203
7871,080212,A,1420.96,171,1668
7877,003480,C,1202.14,197,1671
7877,01611,A,1014.77,90,783
7877,01611,C,446.44,155,1649
7877,020109,B,690.86,86,740
7877,020109,C,144.98,167,1793
7877,031779,C,1285.25,146,1281
7877,080212,B,1378.44,9,96
7880,003480,A,331.90,75,760
7880,01611,D,1616.91,24,228
7880,031779,C,1322.25,32,315
7880,080212,B,104.35,116,993
7880,080212,D,1036.48,158,1589
7882,01611,A,1625.78,135,1139
7882,01611,C,204.74,114,1006
7882,01611,D,227.72,119,1177
7882,031779,C,1155.26,56,589
7882,080212,A,20.55,49,418
7883,003480,B,1207.19,71,678
7883,01611,B,430.89,118,1159
7883,020109,B,1112.46,192,1797
7883,020109,C,536.02,194,1978
7883,031779,B,521.29,86,902
7883,031779,C,1318.15,26,239
7883,080212,B,829.72,176,1802
7888,003480,C,961.25,184,1974
7888,01611,C,1334.47,8,73
7888,01611,D,655.43,67,598
7888,020109,A,1199.78,19,191
7888,020109,B,995.03,42,410
7888,031779,C,534.91,185,1794
7888,080212,A,937.54,47,453
7893,003480,B,386.40,64,543
7893,01611,A,1340.38,166,1464
7893,01611,B,308.32,133,1215
7893,01611,D,1056.03,145,1433
7893,031779,A,91.55,167,1628
7893,080212,A,973.01,138,1182
7893,080212,B,796.14,195,1986
7899,003480,B,601.22,132,1193
7899,003480,D,195.14,14,140
7899,01611,A,441.26,79,833
7899,01611,B,488.72,98,924
7899,01611,C,1209.01,88,891
7899,020109,B,348.04,11,114
7899,020109,C,1707.47,167,1472
7899,031779,C,517.75,45,444
7899,080212,A,1776.05,135,1246
7899,080212,B,1248.20,70,730
7899,080212,D,1739.06,150,1304
7901,003480,B,365.85,187,1970
7901,01611,A,184.03,149,1465
7901,020109,A,548.67,45,431
7901,020109,B,932.61,188,1870
7901,020109,D,302.87,109,946
7901,031779,A,1394.39,28,263
7901,080212,C,667.12,115,1172
7903,01611,A,397.54,62,562
7903,020109,C,444.05,165,1679
7903,020109,D,1095.72,59,589
7903,031779,A,800.78,122,1175
7903,080212,A,181.45,38,320
7903,080212,B,1416.76,134,1140
7903,080212,C,947.01,106,1135
7912,003480,B,1373.83,48,412
7912,003480,D,834.94,111,989
7912,020109,A,1322.95,139,1436
7912,020109,B,284.07,144,1373
7912,020109,C,1238.85,138,1384
7912,020109,D,482.27,104,959
7912,031779,B,1315.82,169,1680
7913,020109,A,1821.45,19,184
7913,020109,C,869.04,13,134
7913,020109,D,994.14,48,485
7913,031779,A,831.42,135,1312
7913,031779,C,831.35,37,396
7913,031779,D,702.49,62,592
7918,003480,A,1155.01,147,1355
7918,003480,B,880.57,126,1309
7918,01611,B,1570.47,172,1761
7918,01611,C,990.73,24,216
7918,031779,A,1009.59,60,571
7918,080212,C,364.61,157,1619
7918,080212,D,465.76,151,1463
7919,003480,A,644.63,91,849
7919,003480,B,667.68,180,1943
7919,003480,C,181.74,81,840
7919,031779,B,1280.21,112,1051
7919,080212,B,689.47,102,905
7919,080212,C,577.80,54,480
7919,080212,D,1527.04,145,1284
7926,003480,A,1155.13,0,0
7926,003480,B,1176.28,187,1792
7926,01611,A,1176.76,6,53
7926,01611,B,1199.13,116,1001
7926,01611,C,387.28,82,776
7926,020109,A,1448.69,147,1378
7926,020109,C,523.66,124,1210
7926,020109,D,915.36,142,1331
7926,031779,B,787.50,127,1276
7926,031779,D,944.75,44,459
7926,080212,A,1301.66,158,1585
7927,003480,A,222.22,61,614
7927,01611,B,1449.35,174,1769
7927,01611,C,984.46,154,1356
7927,031779,A,538.20,154,1367
7927,031779,B,994.83,190,1868
7927,031779,D,56.36,185,1792
7927,080212,B,373.01,38,394
7927,080212,D,1053.09,42,359
7936,003480,A,1857.27,9,84
7936,003480,C,770.93,26,234
7936,01611,A,964.26,200,1769
7936,01611,B,371.02,57,594
7936,01611,D,482.50,5,49
7936,031779,C,1688.43,142,1234
7936,080212,B,182.73,157,1557
7936,080212,C,1563.14,156,1569
7936,080212,D,222.82,61,530
7947,020109,A,1314.57,172,1610
7947,031779,C,266.15,15,160
7947,031779,D,1319.03,177,1541
7947,080212,A,947.44,100,1008
7949,003480,C,973.33,77,783
7949,003480,D,950.61,117,1170
7949,01611,A,1254.45,11,105
7949,020109,B,460.29,128,1246
7949,020109,D,347.38,114,1087
7949,031779,B,138.27,29,246
7949,031779,D,1459.05,72,745
7961,003480,A,1833.43,134,1223
7961,003480,C,1207.65,185,1628
7961,01611,B,1170.24,74,650
7961,01611,C,1806.54,124,1183
7961,01611,D,1439.11,89,779
7961,020109,A,301.85,168,1536
7961,020109,B,967.41,142,1212
7961,020109,C,1470.68,172,1518
7961,031779,B,294.00,162,1570
7961,080212,A,1455.46,19,202
7961,080212,C,802.64,111,988
7975,003480,B,29.46,120,1200
7975,003480,C,878.00,145,1400
7975,01611,C,266.72,195,1920
7975,01611,D,310.88,197,1743
7975,031779,A,769.92,8,67
7975,080212,A,630.42,104,936
7975,080212,B,781.40,159,1426
7976,003480,A,1152.73,153,1475
7976,01611,C,1661.62,14,127
7976,020109,A,796.74,64,679
7976,020109,C,61.83,121,1118
7976,031779,B,559.16,26,246
7976,031779,C,956.62,14,122
7976,080212,C,1054.93,72,724
7980,003480,A,854.58,50,479
7980,003480,B,800.78,183,1601
7980,003480,D,1958.11,110,1044
7980,01611,B,694.57,97,821
7980,01611,C,1754.47,90,954
7980,01611,D,1550.39,101,1075
7980,020109,C,278.79,139,1206
7980,031779,C,249.67,96,973
7980,080212,A,85.54,125,1275
7980,080212,B,1725.27,24,250
7980,080212,D,1038.13,65,683
7982,003480,A,83.66,117,1003
7982,003480,C,786.67,23,198
7982,01611,A,1384.66,185,1946
7982,01611,B,1283.33,67,670
7982,01611,C,1262.63,3,32
7982,01611,D,146.80,81,743
7982,020109,B,1162.35,142,1435
7982,020109,C,854.50,11,101
7982,020109,D,646.03,130,1309
7982,031779,B,1067.27,117,1000
7982,031779,C,1817.88,181,1920
7982,031779,D,38.15,158,1654
7982,080212,B,1687.67,55,577
7982,080212,C,1868.10,109,1085
7982,080212,D,808.21,85,917
7993,003480,A,1760.90,3,31
7993,003480,C,68.23,35,317
7993,003480,D,1437.07,128,1105
7993,01611,A,1013.16,142,1296
7993,01611,B,434.49,123,1065
7993,01611,C,1860.34,135,1433
7993,020109,B,1951.57,168,1458
7993,020109,C,372.99,75,803
7993,020109,D,355.88,149,1541
7993,080212,A,1434.70,160,1693
7993,080212,B,1325.92,13,127
7993,080212,C,1765.21,173,1860
7995,003480,A,613.84,41,439
7995,003480,B,840.96,106,1010
7995,003480,C,1086.48,92,843
7995,020109,A,1863.56,183,1815
7995,020109,B,1061.86,86,787
7995,020109,C,40.20,181,1873
7995,031779,B,1015.02,173,1832
7995,080212,B,97.91,77,772
8000,003480,A,0.00,80,805
8000,003480,B,0.00,87,849
8000,01611,B,0.00,63,570
8000,020109,A,0.00,94,840
8000,031779,A,0.00,170,1645
8000,031779,C,0.00,99,871
8000,080212,B,0.00,31,285
8003,003480,B,3.80,43,450
8003,003480,C,4.45,39,374
8003,003480,D,2.57,2,20
8003,01611,A,3.23,61,637
8003,01611,C,5.88,6,58
8003,031779,A,2.84,119,1101
8003,080212,C,5.65,188,1746
8004,003480,C,6.89,18,180
8004,003480,D,7.02,89,754
8004,01611,A,0.30,188,1970
8004,01611,B,6.59,98,907
8004,01611,C,6.48,194,1937
8004,01611,D,5.58,192,1883
8004,031779,C,6.20,146,1379
8004,080212,C,5.00,194,2000
8013,01611,B,15.47,54,460
8013,01611,D,18.36,28,254
8013,020109,A,20.48,182,1724
8013,020109,B,20.05,142,1323
8013,020109,D,22.31,163,1712
8013,031779,A,2.56,144,1538
8013,080212,B,16.47,77,704
8015,003480,B,6.41,162,1473
8015,003480,C,1.72,58,510
8015,020109,A,2.64,65,678
8015,020109,C,27.95,134,1291
8015,080212,B,2.67,25,269
8015,080212,D,28.59,136,1355
8020,003480,C,30.30,63,559
8020,020109,A,5.97,24,228
8020,020109,B,38.41,96,961
8020,020109,C,10.56,44,450
8020,020109,D,0.14,116,1229
8020,031779,B,26.14,24,210
8020,031779,C,15.58,96,981
8020,031779,D,25.69,106,961
8024,003480,A,9.38,199,1784
8024,003480,D,30.15,155,1592
8024,01611,A,43.60,183,1739
8024,01611,B,42.62,96,1030
8024,020109,A,47.59,67,566
8024,020109,B,25.33,196,1950
8024,031779,A,21.89,113,1112
8024,031779,B,8.20,197,1970
8024,080212,A,22.43,52,493
8024,080212,B,14.80,179,1727
8024,080212,D,3.75,113,976
8031,003480,B,20.27,28,247
8031,003480,C,56.93,10,96
8031,003480,D,55.03,71,646
8031,01611,A,19.51,135,1344
8031,01611,B,16.10,16,154
8031,020109,C,53.41,175,1581
8031,080212,A,45.69,141,1511
8037,01611,A,50.42,96,899
8037,01611,B,58.27,159,1678
8037,01611,D,70.22,173,1482
8037,020109,A,20.16,57,510
8037,020109,B,16.21,148,1494
8037,020109,C,33.30,103,995
8037,080212,B,70.61,41,381
8037,080212,C,28.01,133,1183
8039,003480,C,53.47,166,1559
8039,01611,D,63.41,86,827
8039,020109,C,21.73,140,1325
8039,031779,B,30.51,8,82
8039,031779,C,77.50,149,1452
8042,020109,A,20.32,187,1942
8042,020109,B,17.96,101,1003
8042,020109,C,74.86,9,90
8042,020109,D,66.56,133,1402
8042,031779,C,10.02,11,93
8042,080212,A,21.78,86,745
8042,080212,B,59.08,18,168
8054,01611,B,27.10,189,1829
8054,020109,B,87.92,18,152
8054,020109,C,68.19,88,942
8054,080212,B,58.18,196,1904
8054,080212,D,30.66,35,352
8055,003480,A,103.29,148,1256
8055,003480,B,34.43,95,859
8055,003480,C,3.11,182,1600
8055,020109,C,90.82,196,1913
8055,020109,D,38.89,69,605
8055,080212,B,75.87,107,1042
8064,003480,A,84.88,61,543
8064,003480,C,33.41,101,959
8064,01611,A,49.93,3,27
8064,01611,D,114.69,34,349
8064,031779,A,113.23,5,52
8064,031779,C,61.99,153,1635
8064,031779,D,57.20,66,585
8064,080212,A,93.18,154,1615
8067,003480,B,130.00,166,1671
8067,01611,B,16.96,60,646
8067,01611,D,50.82,84,796
8067,031779,A,72.59,78,778
8067,031779,C,81.06,66,668
8067,080212,B,43.21,28,299
8067,080212,C,118.65,160,1528
8069,003480,B,24.81,195,1850
8069,01611,B,15.02,6,57
8069,01611,D,79.54,151,1376
8069,020109,A,36.27,192,1702
8069,031779,B,14.02,67,602
8069,031779,C,45.57,18,181
8069,080212,C,96.02,63,568
8077,01611,A,62.92,154,1569
8077,020109,A,62.77,82,729
8077,020109,B,99.89,75,801
8077,020109,C,30.31,83,877
8077,031779,A,42.99,155,1463
8077,031779,B,127.78,74,655
8077,031779,C,55.59,94,988
8077,031779,D,108.47,95,1022
8077,080212,A,38.02,173,1721
8077,080212,B,52.72,173,1480
8080,003480,B,32.52,180,1860
8080,003480,C,94.00,35,305
8080,01611,C,85.19,38,375
8080,020109,A,73.31,63,566
8080,020109,D,140.65,128,1333
8080,080212,A,139.15,100,924
8080,080212,C,71.34,105,1107
8085,01611,B,151.04,78,658
8085,020109,A,83.05,69,628
8085,020109,B,54.17,9,79
8085,031779,B,42.00,144,1549
8085,080212,A,148.45,53,509
8085,080212,B,103.35,136,1314
8085,080212,D,101.80,131,1181
8087,003480,A,62.89,111,1138
8087,003480,B,14.29,52,544
8087,01611,A,155.67,71,597
8087,01611,B,85.37,141,1440
8087,020109,A,9.21,181,1847
8087,020109,C,68.77,72,775
8087,031779,B,128.39,101,1054
8087,080212,C,166.88,44,374
8088,003480,B,174.53,160,1374
8088,003480,C,13.12,182,1680
8088,003480,D,59.19,100,1051
8088,01611,A,56.15,117,1053
8088,01611,C,137.92,51,447
8088,01611,D,99.95,112,1121
8088,020109,A,25.69,181,1933
8088,020109,B,79.07,92,965
8088,020109,C,38.24,168,1624
8088,020109,D,41.67,186,1822
8088,031779,A,117.70,137,1171
8088,080212,A,169.09,150,1422
8088,080212,B,20.87,197,1689
8088,080212,C,65.17,178,1621
8092,003480,A,44.25,13,110
8092,003480,D,11.38,166,1788
8092,020109,B,9.29,125,1268
8092,031779,A,155.11,5,53
8092,031779,B,44.32,87,757
8092,031779,D,35.90,168,1811
8092,080212,A,181.34,113,984
8092,080212,C,26.00,6,61
8102,01611,B,138.34,149,1545
8102,020109,B,192.17,134,1340
8102,020109,C,78.87,46,427
8102,031779,C,131.71,179,1592
8102,080212,C,53.68,128,1115
8102,080212,D,170.70,11,102
8111,003480,C,72.99,193,1988
8111,01611,C,105.51,192,1685
8111,01611,D,101.91,186,1944
8111,020109,B,125.10,99,935
8111,020109,C,54.90,144,1248
8111,020109,D,89.99,129,1223
8111,031779,B,184.39,58,599
8111,031779,C,220.87,117,1096
8111,080212,B,14.26,122,1091
8111,080212,C,40.04,108,972
8111,080212,D,162.69,181,1950
8112,003480,A,25.70,94,1009
8112,003480,B,73.98,123,1063
8112,003480,D,39.80,113,977
8112,01611,C,118.72,162,1585
8112,020109,B,46.22,149,1489
8112,020109,D,207.65,3,28
8112,031779,A,214.05,183,1697
8112,031779,B,3.10,69,586
8112,080212,A,27.07,44,418
8112,080212,B,64.00,148,1421
8112,080212,C,9.82,12,127
8115,003480,A,101.54,58,585
8115,01611,A,103.25,139,1355
8115,020109,A,76.22,55,484
8115,020109,C,146.37,177,1875
8115,080212,B,121.94,84,854
8115,080212,C,98.75,195,1968
8115,080212,D,209.28,56,502
8116,003480,B,103.90,50,514
8116,01611,C,123.66,197,2095
8116,020109,B,3.07,175,1724
8116,020109,C,82.74,31,319
8116,031779,B,210.00,137,1249
8116,031779,D,182.76,78,772
8116,080212,A,229.27,18,186
8116,080212,B,178.51,8,67
8121,003480,C,48.44,24,215
8121,020109,D,101.03,14,144
8121,031779,A,222.73,106,1004
8121,080212,A,138.44,23,219
8121,080212,C,214.65,27,286
8123,003480,A,179.83,166,1488
8123,003480,C,20.83,25,252
8123,003480,D,225.37,161,1553
8123,020109,B,87.69,1,11
8123,020109,D,139.00,45,387
8123,080212,C,214.93,151,1470
8128,01611,C,172.59,62,641
8128,020109,A,172.83,193,1887
8128,020109,B,68.95,40,407
8128,031779,A,227.16,77,737
8128,080212,A,124.56,24,204
8128,080212,B,142.40,188,1681
8128,080212,D,246.84,194,1784
8130,01611,B,231.05,124,1126
8130,020109,B,230.90,188,2017
8130,020109,D,34.68,196,1924
8130,031779,A,207.17,105,1045
8130,031779,C,26.55,107,922
8130,080212,A,201.24,32,294
8130,080212,C,196.18,15,132
8131,003480,B,170.26,145,1309
8131,01611,A,123.13,25,227
8131,01611,C,8.75,131,1364
8131,01611,D,118.71,128,1175
8131,031779,B,10.33,158,1503
8131,031779,C,247.81,48,500
8131,080212,B,86.14,54,573
8138,01611,A,24.73,8,81
8138,01611,B,189.13,196,1832
8138,020109,C,33.31,119,1183
8138,031779,B,238.34,119,1190
8138,031779,C,201.17,138,1161
8138,031779,D,130.00,0,0
8138,080212,C,165.42,36,380
8148,01611,A,142.74,45,453
8148,020109,B,202.87,171,1630
8148,031779,A,114.44,30,279
8148,031779,B,105.88,156,1469
8148,031779,C,146.43,64,611
8148,080212,A,144.50,138,1382
8148,080212,B,20.60,129,1152
8149,003480,B,147.07,50,472
8149,003480,C,58.41,106,960
8149,01611,A,262.30,90,783
8149,020109,B,193.97,195,2038
8149,020109,C,186.75,174,1603
8149,080212,B,102.52,107,1098
8149,080212,C,9.56,74,708
8161,01611,A,7.54,86,793
8161,01611,D,264.12,72,742
8161,020109,A,22.10,57,524
8161,031779,C,258.05,200,2104
8161,031779,D,302.10,69,653
8165,003480,B,271.11,190,1893
8165,01611,B,31.53,183,1946
8165,01611,C,80.11,177,1827
8165,01611,D,134.87,56,487
8165,020109,A,24.96,97,941
8165,020109,B,49.50,88,772
8165,031779,A,279.12,135,1326
8165,031779,B,69.95,15,134
8165,031779,D,202.62,37,321
8165,080212,A,160.97,181,1747
8165,080212,B,23.88,15,159
8168,003480,A,272.37,104,1088
8168,003480,B,164.26,146,1496
8168,003480,D,63.83,109,962
8168,01611,C,222.89,104,943
8168,020109,B,236.66,137,1402
8168,031779,A,283.98,160,1504
8168,080212,C,103.91,160,1467
8168,080212,D,126.56,159,1712
8174,01611,A,47.77,9,88
8174,01611,B,100.78,158,1457
8174,020109,B,314.04,82,766
8174,020109,C,93.22,143,1411
8174,080212,A,160.87,93,811
8174,080212,C,23.37,182,1835
8174,080212,D,257.12,178,1691
8175,003480,A,327.64,193,1695
8175,01611,B,42.33,80,718
8175,01611,D,186.23,157,1434
8175,020109,A,306.80,1,9
8175,020109,C,334.35,139,1480
8175,080212,A,30.92,102,1014
8175,080212,B,285.83,45,425
8181,003480,B,266.39,135,1235
8181,003480,C,40.41,174,1587
8181,003480,D,49.73,8,75
8181,020109,B,255.11,95,957
8181,020109,C,106.57,77,757
8181,031779,C,137.27,64,677
8181,080212,C,194.03,96,1006
8187,01611,A,138.25,30,323
8187,01611,B,326.85,136,1256
8187,020109,C,162.51,124,1240
8187,031779,B,32.63,169,1764
8187,080212,A,72.22,104,1032
8187,080212,C,240.73,113,1138
8187,080212,D,220.59,175,1475
8189,003480,C,176.88,144,1537
8189,01611,C,159.94,154,1654
8189,020109,A,225.67,126,1158
8189,031779,C,164.10,101,977
8189,031779,D,184.66,11,115
8189,080212,C,274.05,144,1525
8191,01611,A,212.34,30,263
8191,01611,B,130.11,5,45
8191,01611,C,276.71,100,890
8191,080212,B,31.74,36,371
8201,003480,C,70.47,91,858
8201,003480,D,218.12,87,873
8201,01611,C,159.55,90,910
8201,020109,A,237.43,31,291
8201,031779,B,179.10,82,745
8201,080212,A,125.01,146,1384
8201,080212,B,248.81,84,780
8204,003480,C,64.61,55,495
8204,020109,C,286.74,53,554
8204,080212,B,60.60,166,1766
8204,080212,C,262.05,108,938
8220,003480,B,382.35,76,773
8220,01611,B,436.97,91,920
8220,020109,A,299.85,156,1502
8220,020109,B,23.42,0,0
8220,031779,C,368.95,131,1198
8220,031779,D,219.80,112,941
8223,003480,B,418.04,188,1934
8223,01611,A,2.32,40,374
8223,01611,B,70.54,47,482
8223,080212,B,54.24,64,589
8223,080212,C,5.16,102,860
8223,080212,D,316.42,39,358
8225,003480,A,191.50,154,1648
8225,003480,B,119.54,43,462
8225,01611,A,439.40,6,55
8225,020109,A,418.54,97,924
8225,020109,D,28.67,75,769
8225,031779,C,418.29,36,346
8225,080212,B,43.80,161,1446
8225,080212,C,99.52,108,988
8229,003480,A,201.23,125,1199
8229,020109,B,313.31,164,1679
8229,020109,C,99.51,169,1766
8229,031779,A,143.16,7,61
8229,031779,B,213.72,45,385
8229,031779,C,109.91,161,1706
8229,080212,B,269.69,80,801
8229,080212,C,400.57,129,1378
8235,003480,A,120.54,159,1375
8235,003480,D,370.15,141,1260
8235,01611,C,248.72,51,442
8235,020109,A,449.56,185,1802
8235,020109,C,2.76,4,36
8235,020109,D,199.76,70,699
8235,031779,C,89.95,127,1099
8235,080212,B,364.44,74,714
8240,003480,A,106.20,122,1031
8240,003480,B,158.97,84,818
8240,003480,C,441.16,97,903
8240,01611,A,268.42,138,1178
8240,01611,B,142.83,168,1580
8240,01611,C,188.95,27,287
8240,01611,D,466.35,100,909
8240,020109,B,409.80,79,714
8240,020109,C,95.69,126,1112
8240,031779,A,452.68,37,375
8240,031779,B,62.68,109,1028
8240,031779,D,159.91,61,642
8240,080212,A,20.63,171,1843
8240,080212,C,22.42,46,465
8241,003480,A,347.44,70,675
8241,01611,C,97.32,19,181
8241,020109,A,212.98,41,345
8241,020109,B,249.09,82,775
8241,080212,A,50.60,106,1093
8241,080212,B,99.95,88,802
8241,080212,D,194.27,154,1505
8242,003480,B,281.80,134,1212
8242,003480,C,348.62,145,1562
8242,003480,D,284.81,11,96
8242,01611,B,147.70,70,730
8242,01611,C,385.20,14,122
8242,01611,D,105.10,17,182
8242,020109,A,391.09,138,1213
8242,020109,B,166.81,126,1169
8243,020109,A,121.19,184,1589
8243,020109,B,424.51,89,761
8243,020109,C,239.86,26,245
8243,020109,D,455.58,176,1850
8243,031779,A,33.17,181,1718
8243,080212,B,71.00,114,1198
8244,003480,A,386.64,65,690
8244,003480,C,361.42,78,768
8244,01611,B,6.06,168,1507
8244,01611,C,229.10,116,1156
8244,020109,A,423.89,168,1469
8244,080212,C,360.55,30,253
8244,080212,D,225.48,79,759
8250,003480,A,336.00,159,1507
8250,003480,B,320.01,105,951
8250,003480,C,57.44,37,329
8250,01611,B,381.01,42,356
8250,031779,B,241.37,184,1769
8250,031779,D,200.69,133,1251
8250,080212,C,418.47,190,1932
8251,003480,A,464.73,145,1526
8251,003480,C,68.88,129,1223
8251,003480,D,403.73,116,1141
8251,01611,A,159.92,169,1598
8251,01611,B,394.14,4,42
8251,01611,D,59.21,177,1803
8251,020109,C,338.96,182,1895
8251,031779,A,84.67,6,63
8251,031779,B,297.95,119,1085
8251,031779,C,60.26,47,438
8251,080212,A,332.40,42,391
8252,01611,A,94.69,132,1221
8252,020109,B,28.71,20,198
8252,031779,B,492.36,137,1264
8252,080212,A,319.51,180,1745
8252,080212,B,39.10,51,522
8252,080212,D,313.17,50,463
8253,003480,A,46.89,19,172
8253,003480,C,247.13,184,1793
8253,01611,B,358.31,193,1943
8253,01611,C,180.32,108,1133
8253,01611,D,425.40,104,1120
8253,080212,B,404.35,168,1704
8257,003480,A,304.56,75,670
8257,003480,C,66.80,137,1214
8257,01611,A,442.41,95,900
8257,01611,C,86.39,179,1605
8257,01611,D,64.49,21,206
8257,020109,A,158.15,173,1682
8257,020109,C,350.66,136,1379
8257,031779,B,208.47,150,1544
8257,031779,C,415.91,126,1121
8257,080212,A,325.00,165,1774
8257,080212,C,297.87,90,855
8258,003480,A,257.59,74,666
8258,01611,A,121.08,194,1781
8258,01611,B,9.80,28,298
8258,01611,C,373.23,49,505
8258,01611,D,410.78,43,443
8258,020109,A,239.51,29,274
8258,020109,B,145.70,48,435
8258,031779,B,129.57,69,612
8258,080212,A,50.63,75,760
8258,080212,D,221.70,77,678
8269,003480,A,71.48,177,1622
8269,003480,D,67.42,13,118
8269,01611,B,375.88,188,1803
8269,031779,A,249.99,13,134
8269,031779,B,261.49,184,1669
8269,080212,A,234.39,43,455
8269,080212,C,6.53,105,898
8270,003480,A,531.08,20,196
8270,003480,C,3.76,177,1596
8270,01611,B,278.15,181,1735
8270,01611,C,437.17,117,1122
8270,031779,B,411.72,6,51
8270,080212,B,137.71,86,811
8270,080212,C,129.25,18,184
8272,003480,B,268.95,62,524
8272,003480,C,402.93,39,391
8272,003480,D,233.51,100,890
8272,01611,A,229.47,64,688
8272,01611,B,465.79,169,1793
8272,020109,A,536.72,19,202
8272,080212,A,199.28,149,1410
8289,003480,B,364.84,35,356
8289,01611,A,355.43,141,1233
8289,01611,C,371.91,129,1258
8289,01611,D,560.66,2,21
8289,020109,C,345.08,50,446
8289,020109,D,94.41,68,703
8289,080212,C,32.75,158,1443
8291,003480,C,275.24,68,668
8291,003480,D,400.92,103,1103
8291,01611,C,78.21,12,113
8291,031779,A,95.55,105,1029
8291,031779,C,404.35,133,1227
8291,080212,A,382.20,37,335
8291,080212,B,339.81,198,1999
8291,080212,D,558.56,0,0
8298,003480,C,212.47,72,642
8298,01611,B,275.89,11,114
8298,020109,A,150.38,76,801
8298,020109,B,127.82,140,1358
8298,020109,D,78.25,91,955
8298,031779,B,578.82,148,1445
8298,080212,A,420.77,44,450
8304,003480,B,202.09,182,1879
8304,003480,D,194.97,29,281
8304,01611,A,54.32,145,1369
8304,01611,B,414.51,0,0
8304,020109,A,350.20,63,570
8304,031779,B,91.39,0,0
8304,080212,A,436.87,36,334
8322,003480,A,414.79,5,48
8322,003480,D,398.47,148,1356
8322,01611,A,632.36,89,796
8322,020109,C,498.18,26,231
8322,031779,A,408.97,25,264
8322,031779,B,587.19,191,1862
8322,080212,A,328.02,72,608
8323,003480,B,322.85,96,810
8323,020109,A,477.67,102,904
8323,020109,C,437.65,128,1184
8323,031779,A,460.91,11,115
8323,031779,D,511.21,121,1043
8323,080212,A,524.40,162,1473
8323,080212,D,222.89,22,224
8324,003480,B,454.04,2,21
8324,01611,A,50.59,164,1417
8324,01611,B,110.82,122,1038
8324,01611,C,131.72,183,1563
8324,01611,D,640.50,148,1437
8324,020109,A,341.11,146,1541
8324,020109,C,301.27,85,780
8324,080212,C,159.46,12,106
8339,003480,B,174.79,94,889
8339,01611,A,629.95,105,1015
8339,01611,B,238.40,199,1737
8339,01611,C,575.33,21,178
8339,01611,D,219.31,190,1715
8339,020109,B,627.00,61,523
8339,020109,C,639.94,9,84
8339,031779,A,556.69,172,1456
8339,031779,D,114.92,105,904
8339,080212,A,273.78,95,984
8356,003480,A,164.33,195,1975
8356,020109,B,7.06,194,1655
8356,031779,A,473.31,134,1337
8356,031779,B,182.59,150,1610
8356,031779,C,446.70,102,1038
8356,080212,B,443.06,114,1170
8356,080212,C,284.62,87,809
8358,003480,B,554.78,111,933
8358,01611,A,17.24,113,962
8358,01611,B,430.28,99,868
8358,01611,C,643.55,45,447
8358,01611,D,68.27,110,950
8358,020109,A,154.41,68,683
8358,020109,C,110.14,22,236
8358,031779,A,146.51,130,1272
8358,031779,C,418.19,87,922
8358,080212,B,282.18,167,1637
8359,01611,B,318.51,134,1433
8359,020109,B,80.24,115,1202
8359,020109,C,250.13,200,2134
8359,031779,A,149.77,136,1304
8359,031779,C,44.52,25,232
8359,031779,D,1.02,49,480
8365,003480,A,213.79,189,1759
8365,003480,B,71.64,189,1694
8365,01611,B,30.32,131,1216
8365,020109,A,376.19,62,587
8365,020109,B,530.02,130,1214
8365,020109,C,211.15,154,1410
8365,031779,B,686.45,166,1699
8367,003480,A,195.97,175,1779
8367,003480,B,221.25,185,1761
8367,020109,A,333.88,15,127
8367,020109,C,422.28,126,1072
8367,020109,D,703.56,69,655
8367,031779,A,357.36,185,1874
8367,080212,B,500.21,196,2044
8368,01611,A,186.83,80,860
8368,01611,B,81.23,15,156
8368,01611,C,140.56,184,1622
8368,01611,D,713.88,55,554
8368,020109,A,568.72,67,718
8368,080212,C,44.01,176,1883
8370,003480,C,114.64,10,88
8370,01611,B,440.93,73,704
8370,01611,C,436.33,121,1106
8370,020109,B,530.60,190,1710
8370,020109,D,701.38,29,306
8370,080212,C,443.57,100,845
8370,080212,D,3.51,67,702
8374,003480,A,574.81,86,829
8374,020109,A,289.33,108,1056
8374,020109,C,374.12,62,540
8374,031779,A,581.04,42,397
8374,031779,C,681.46,194,1973
8374,080212,B,434.08,187,1961
8374,080212,D,318.71,90,796
8379,003480,A,735.13,49,435
8379,003480,B,545.97,159,1597
8379,003480,D,176.95,113,1122
8379,01611,A,499.08,129,1355
8379,020109,A,378.97,11,115
8379,031779,B,206.55,152,1399
8392,003480,B,285.64,162,1558
8392,01611,A,260.29,73,623
8392,01611,B,668.22,199,1763
8392,01611,C,599.35,127,1090
8392,031779,A,505.70,38,406
8392,080212,A,576.10,169,1722
8392,080212,B,142.66,91,909
8402,003480,B,547.10,98,1046
8402,003480,D,361.34,182,1557
8402,020109,A,552.49,79,774
8402,020109,B,181.53,137,1221
8402,031779,B,286.37,197,1666
8402,031779,D,748.93,40,401
8402,080212,A,274.51,92,945
8412,003480,A,702.51,161,1441
8412,01611,B,274.32,192,1855
8412,031779,A,208.26,0,0
8412,031779,B,516.58,153,1652
8412,031779,D,419.94,103,955
8412,080212,B,408.54,191,1709
8412,080212,C,633.35,46,425
8420,003480,B,178.61,32,330
8420,003480,C,360.67,198,1713
8420,01611,B,799.31,16,146
8420,01611,C,38.42,48,455
8420,01611,D,117.40,139,1276
8420,020109,B,175.10,62,631
8420,020109,D,810.79,1,9
8420,031779,A,776.80,119,1209
8420,031779,B,331.19,186,1568
8420,031779,C,305.86,110,1126
8420,031779,D,775.92,100,957
8420,080212,A,30.84,110,1179
8420,080212,C,772.21,119,1205
8421,003480,B,760.52,181,1887
8421,01611,A,172.01,169,1712
8421,020109,C,156.57,114,1158
8421,031779,C,816.97,79,749
8421,080212,A,637.99,17,176
8421,080212,B,368.65,40,367
8421,080212,D,372.28,113,1168
8424,003480,B,816.92,102,859
8424,003480,C,295.04,18,180
8424,020109,A,206.88,45,411
8424,020109,B,316.63,173,1747
8424,031779,A,51.96,139,1377
8424,031779,B,85.84,187,1876
8424,031779,C,196.87,34,350
8426,003480,A,168.81,91,918
8426,01611,B,51.78,108,933
8426,020109,A,834.62,28,290
8426,020109,C,514.56,28,248
8426,031779,A,387.87,152,1438
8426,031779,D,176.97,161,1526
8426,080212,A,197.23,48,487
8436,003480,A,722.04,87,865
8436,003480,B,831.28,162,1686
8436,003480,C,306.11,103,962
8436,003480,D,169.65,116,1136
8436,01611,B,319.00,145,1364
8436,020109,B,504.77,79,843
8436,020109,C,558.54,8,76
8438,003480,B,365.17,139,1334
8438,01611,B,337.34,143,1270
8438,01611,C,100.47,71,734
8438,01611,D,750.38,122,1213
8438,020109,B,231.92,35,373
8438,031779,B,77.48,63,533
8438,080212,C,767.30,195,1696
8444,003480,A,142.01,33,332
8444,003480,C,432.84,117,1147
8444,01611,B,807.23,143,1509
8444,020109,B,485.74,16,138
8444,020109,C,828.61,168,1580
8444,031779,B,444.63,180,1938
8444,031779,C,625.85,163,1439
8448,003480,B,598.24,93,784
8448,003480,C,707.62,26,238
8448,003480,D,373.08,184,1788
8448,01611,B,474.53,170,1683
8448,01611,D,365.36,76,670
8448,080212,A,90.02,62,666
8448,080212,B,191.00,195,2017
8449,003480,A,236.37,1,11
8449,01611,B,265.38,50,481
8449,020109,A,399.86,186,1890
8449,020109,C,246.18,193,1787
8449,080212,A,722.59,94,942
8449,080212,B,225.88,24,259
8449,080212,D,142.79,184,1783
8454,003480,A,409.56,13,140
8454,01611,A,59.27,134,1203
8454,020109,A,234.84,42,408
8454,020109,D,857.36,76,717
8454,031779,B,297.83,87,753
8454,080212,A,345.16,148,1292
8454,080212,C,724.60,177,1721
8465,003480,A,63.29,172,1553
8465,003480,B,304.00,195,1892
8465,003480,C,160.05,39,394
8465,01611,C,308.95,191,1784
8465,031779,B,598.15,125,1201
8465,031779,C,667.11,31,326
8465,080212,C,487.06,55,531
8467,003480,A,610.10,71,628
8467,003480,C,692.24,114,1121
8467,031779,A,760.73,199,2120
8467,031779,C,457.48,98,983
8467,031779,D,294.76,21,225
8468,003480,A,513.54,90,968
8468,01611,C,433.99,115,1113
8468,020109,A,356.57,107,979
8468,020109,B,868.93,155,1581
8468,031779,B,581.29,12,126
8468,031779,C,895.91,21,227
8468,080212,A,346.10,39,374
8472,003480,B,484.34,157,1321
8472,003480,D,193.44,57,564
8472,020109,A,220.94,148,1269
8472,080212,B,263.25,150,1382
8480,003480,A,885.11,112,987
8480,01611,A,620.84,52,550
8480,020109,A,72.24,163,1658
8480,020109,D,483.37,75,692
8480,031779,B,563.96,84,837
8480,031779,D,75.99,43,457
8480,080212,C,741.82,158,1402
8482,003480,C,74.59,126,1083
8482,020109,B,675.32,190,1873
8482,031779,A,631.27,96,919
8482,031779,B,474.51,2,18
8482,080212,A,624.47,34,318
8482,080212,C,504.98,66,641
8482,080212,D,266.32,55,552
8501,01611,A,69.79,97,825
8501,020109,C,392.11,124,1137
8501,031779,C,588.28,194,1826
8501,080212,C,235.53,106,1063
8502,003480,A,82.80,158,1363
8502,01611,B,909.16,85,785
8502,01611,C,772.09,132,1348
8502,01611,D,100.40,134,1237
8502,020109,A,561.31,178,1771
8502,031779,A,557.56,181,1700
8502,080212,C,224.14,158,1386
8507,003480,A,503.05,161,1389
8507,003480,B,36.19,94,977
8507,01611,C,245.49,56,536
8507,020109,A,117.35,42,427
8507,020109,C,958.53,26,255
8507,031779,A,297.41,103,908
8507,031779,B,613.29,95,894
8507,031779,D,468.93,5,51
8507,080212,A,684.21,7,73
8516,01611,B,946.72,184,1773
8516,01611,D,38.82,91,903
8516,020109,A,692.56,156,1676
8516,031779,A,153.03,71,684
8516,031779,B,38.03,113,1083
8516,031779,C,600.38,126,1065
8522,003480,A,947.58,11,95
8522,003480,B,823.44,37,330
8522,003480,D,504.07,2,21
8522,01611,A,535.58,190,1828
8522,01611,B,375.92,29,250
8522,031779,B,500.12,60,523
8522,031779,D,898.08,183,1917
8525,003480,A,98.09,36,341
8525,003480,C,421.21,156,1559
8525,01611,B,844.52,36,309
8525,020109,A,1026.18,87,865
8525,031779,B,19.30,74,771
8525,080212,A,1028.40,42,360
8525,080212,B,990.24,56,539
8525,080212,D,206.55,70,595
8530,003480,A,626.07,93,887
8530,003480,B,660.09,149,1576
8530,003480,C,772.74,36,347
8530,01611,B,680.88,57,507
8530,020109,B,867.83,91,863
8530,031779,C,107.17,130,1175
8530,080212,A,529.83,119,1159
8530,080212,C,569.29,126,1165
8536,003480,C,92.16,52,488
8536,01611,A,455.58,176,1806
8536,01611,B,931.66,38,393
8536,020109,A,580.44,31,325
8536,020109,C,699.11,74,768
8536,031779,B,482.27,85,827
8536,031779,D,960.26,5,52
8536,080212,A,701.93,66,681
8536,080212,C,582.66,188,1622
8549,01611,C,68.86,190,1926
8549,01611,D,789.89,96,872
8549,020109,B,939.48,182,1540
8549,080212,A,150.79,141,1275
8554,003480,A,109.49,177,1871
8554,003480,C,533.67,136,1300
8554,020109,B,435.09,179,1733
8554,031779,A,659.13,174,1631
8554,031779,B,254.10,105,1006
8554,080212,A,318.71,66,661
8554,080212,D,71.07,198,1700
8556,01611,B,1107.44,49,447
8556,01611,C,584.43,40,399
8556,020109,B,453.83,160,1398
8556,031779,A,91.77,29,267
8556,080212,A,142.16,43,366
8556,080212,C,740.33,186,1743
8556,080212,D,4.68,155,1577
8570,01611,A,884.04,186,1848
8570,01611,B,898.79,10,87
8570,01611,D,143.41,65,648
8570,020109,A,392.53,63,579
8570,020109,B,816.00,153,1356
8570,080212,C,122.48,160,1488
8570,080212,D,493.87,164,1730
8572,003480,B,670.70,136,1370
8572,003480,D,464.90,83,803
8572,01611,A,329.60,168,1676
8572,01611,B,400.92,11,113
8572,020109,A,119.38,35,314
8574,003480,A,419.33,112,1107
8574,003480,B,577.47,46,426
8574,003480,D,570.45,167,1500
8574,020109,C,78.98,103,1020
8574,031779,C,1017.17,151,1373
8574,080212,A,35.57,147,1583
8574,080212,D,117.52,101,1009
8585,003480,A,856.94,147,1354
8585,01611,A,637.70,14,143
8585,01611,C,259.72,71,709
8585,01611,D,100.53,186,2007
8585,020109,B,51.41,45,423
8585,020109,D,349.69,122,1213
8585,031779,A,459.80,199,2004
8585,031779,B,152.56,105,1085
8585,080212,A,1080.31,164,1767
8588,01611,B,758.29,6,59
8588,01611,D,573.39,21,220
8588,031779,B,231.80,13,109
8588,080212,A,739.07,13,133
8588,080212,B,1118.89,81,805
8588,080212,C,947.48,31,305
8591,003480,C,702.68,67,602
8591,003480,D,391.24,31,284
8591,01611,A,534.68,81,801
8591,01611,C,1069.13,111,987
8591,01611,D,834.13,140,1235
8591,020109,C,433.73,80,728
8591,031779,A,488.39,48,414
8591,031779,B,1089.16,103,1016
8591,080212,A,489.55,200,2097
8591,080212,C,169.92,193,1765
8591,080212,D,873.15,91,870
8592,003480,A,487.08,1,9
8592,003480,D,37.74,93,996
8592,01611,B,598.39,139,1288
8592,031779,A,404.94,41,359
8592,031779,B,44.59,21,220
8592,031779,C,359.53,10,98
8592,031779,D,1012.34,34,334
8592,080212,A,62.37,58,531
8593,003480,B,813.20,46,461
8593,003480,C,1059.25,110,1105
8593,01611,B,1100.44,75,809
8593,020109,C,1157.35,148,1515
8593,031779,B,580.70,136,1376
8593,080212,A,174.37,0,0
8593,080212,D,1116.22,187,1913
8598,003480,A,1011.67,2,20
8598,003480,B,0.91,67,639
8598,003480,C,768.18,23,198
8598,003480,D,835.42,48,500
8598,020109,A,1019.64,149,1403
8598,020109,C,446.35,165,1729
8598,031779,C,724.33,171,1782
8602,003480,A,269.09,174,1643
8602,003480,B,686.68,164,1544
8602,003480,C,304.26,160,1694
8602,01611,B,1018.17,45,422
8602,01611,C,1060.83,26,262
8602,020109,A,186.02,93,924
8602,020109,B,391.03,107,1036
8602,020109,C,295.82,64,631
8602,020109,D,564.72,118,1107
8602,031779,B,572.24,49,527
8602,031779,C,1005.18,29,300
8602,031779,D,520.50,93,986
8602,080212,A,1100.54,44,394
8604,003480,A,922.34,127,1236
8604,003480,C,867.68,69,732
8604,003480,D,1063.99,146,1514
8604,01611,A,353.31,144,1236
8604,01611,B,46.55,31,265
8604,01611,C,1196.03,56,518
8604,020109,A,857.50,126,1136
8604,080212,C,718.10,82,789
8608,003480,C,374.32,191,1880
8608,01611,A,60.97,48,423
8608,01611,C,517.41,101,1063
8608,01611,D,857.46,156,1508
8608,020109,A,108.77,105,1076
8608,020109,D,952.79,130,1138
8608,031779,A,457.15,84,848
8608,031779,B,630.52,10,104
8609,003480,A,1068.06,93,872
8609,003480,B,736.63,124,1209
8609,003480,C,439.11,67,720
8609,01611,C,846.41,65,604
8609,020109,A,294.73,17,174
8609,080212,A,825.40,147,1404
8609,080212,B,688.21,130,1316
8610,003480,C,866.74,25,220
8610,003480,D,532.24,173,1765
8610,01611,B,753.02,19,195
8610,020109,A,378.65,5,50
8610,020109,B,655.19,109,1056
8610,020109,D,676.06,190,1794
8610,031779,B,862.76,141,1388
8610,031779,C,713.72,162,1612
8610,031779,D,591.48,8,76
8610,080212,B,473.32,45,429
8610,080212,C,719.05,144,1314
8611,003480,A,929.91,94,836
8611,003480,C,991.20,4,41
8611,01611,A,135.09,160,1669
8611,01611,B,570.91,106,1135
8611,020109,A,201.50,137,1231
8611,020109,B,807.98,119,1211
8611,020109,C,930.86,69,718
8611,031779,A,1110.34,134,1342
8611,031779,B,93.09,29,259
8611,031779,D,206.21,106,931
8611,080212,B,36.31,193,1926
8611,080212,C,1020.62,194,1917
8612,01611,A,41.64,136,1305
8612,01611,C,261.05,89,848
8612,020109,D,347.49,181,1622
8612,031779,A,215.62,62,583
8612,031779,B,217.06,61,649
8612,031779,C,501.00,32,319
8613,003480,A,13.87,57,598
8613,020109,B,12.46,91,862
8613,031779,B,799.86,115,1226
8613,031779,C,1071.36,188,1671
8613,031779,D,868.65,169,1706
8613,080212,B,465.19,7,62
8613,080212,C,300.81,138,1331
8617,003480,B,1034.03,11,110
8617,01611,A,725.83,85,886
8617,01611,B,511.87,25,267
8617,020109,B,619.71,107,1136
8617,020109,C,1157.43,44,447
8617,031779,A,123.41,194,1926
8617,080212,C,1226.60,64,688
8619,003480,B,19.97,126,1299
8619,003480,C,926.50,34,360
8619,003480,D,659.01,169,1575
8619,01611,A,71.19,161,1391
8619,01611,B,182.64,52,526
8619,01611,C,496.07,69,730
8619,020109,A,757.89,134,1135
8619,020109,B,1042.02,9,82
8619,020109,D,19.43,84,851
8619,031779,A,1081.04,160,1517
8619,031779,C,1120.68,58,503
8619,031779,D,318.94,105,1117
8619,080212,A,1054.86,154,1514
8619,080212,B,733.33,166,1641
8619,080212,C,137.24,49,499
8620,003480,A,869.77,172,1531
8620,003480,D,1238.46,122,1060
8620,01611,A,1052.14,2,18
8620,020109,A,275.63,40,404
8620,080212,B,724.86,115,1186
8620,080212,C,822.65,5,50
8622,020109,C,725.10,143,1498
8622,031779,D,623.08,174,1726
8622,080212,A,34.76,138,1235
8622,080212,B,27.59,48,440
8622,080212,C,823.93,18,184
8626,003480,B,595.11,87,760
8626,01611,A,503.22,67,662
8626,01611,C,135.95,105,952
8626,01611,D,223.18,66,577
8626,020109,A,528.88,49,484
8626,080212,A,1198.44,127,1216
8626,080212,B,309.73,174,1657
8626,080212,C,639.57,8,69
8629,003480,A,934.96,7,70
8629,020109,B,448.47,163,1648
8629,031779,A,405.43,61,628
8629,031779,D,149.44,138,1488
8629,080212,B,946.29,101,900
8629,080212,D,440.83,154,1614
8640,003480,A,157.48,60,547
8640,003480,C,1021.63,92,872
8640,003480,D,859.94,169,1735
8640,01611,B,669.83,104,901
8640,031779,A,865.06,21,202
8640,031779,C,1127.16,103,1036
8640,080212,B,1003.50,56,502
8641,003480,D,803.98,67,593
8641,01611,B,209.43,148,1292
8641,01611,C,583.84,151,1535
8641,031779,C,1017.11,165,1637
8641,080212,A,968.42,198,2105
8650,003480,A,669.89,65,653
8650,003480,B,25.45,94,792
8650,01611,A,1194.10,71,611
8650,01611,B,836.12,107,1075
8650,01611,C,966.06,144,1466
8650,020109,A,16.59,84,898
8650,020109,B,108.41,7,68
8650,020109,C,619.87,41,431
8650,031779,B,196.78,33,327
8650,080212,B,2.61,193,1819
8650,080212,C,84.20,46,401
8650,080212,D,1091.09,122,1146
8654,003480,A,82.81,71,704
8654,003480,B,314.60,0,0
8654,003480,C,715.98,166,1679
8654,003480,D,1134.04,14,118
8654,031779,B,434.47,51,454
8654,031779,D,9.82,55,495
8654,080212,B,909.51,192,1646
8656,003480,A,480.63,4,35
8656,003480,B,535.32,78,736
8656,020109,A,1094.82,40,401
8656,020109,B,355.86,54,530
8656,031779,A,370.76,82,829
8656,080212,A,1027.69,94,805
8656,080212,C,153.78,129,1184
8657,003480,B,658.87,24,220
8657,01611,B,695.19,97,973
8657,01611,C,152.45,14,121
8657,031779,B,34.55,5,50
8657,080212,A,1170.29,98,872
8657,080212,D,901.42,9,76
8665,020109,B,1209.45,91,980
8665,020109,C,1099.89,48,511
8665,031779,B,45.07,176,1597
8665,080212,A,1291.63,71,605
8665,080212,B,24.05,36,360
8665,080212,D,411.66,51,536
8666,003480,C,737.04,2,20
8666,003480,D,373.40,5,43
8666,01611,A,500.16,25,250
8666,020109,B,53.49,58,548
8666,080212,C,32.88,19,204
8666,080212,D,272.26,6,64
8667,003480,C,50.20,193,1988
8667,01611,B,330.67,104,938
8667,01611,C,9.42,64,579
8667,020109,A,1172.28,112,946
8667,020109,B,97.34,102,961
8667,080212,A,675.64,155,1593
8667,080212,C,423.16,158,1663
8672,003480,C,992.81,13,118
8672,01611,B,821.85,117,1261
8672,01611,C,76.00,154,1611
8672,01611,D,879.83,84,856
8672,020109,B,1090.27,11,111
8672,020109,C,599.28,35,332
8672,080212,A,566.75,164,1649
8673,020109,B,1214.21,64,680
8673,031779,A,915.90,141,1344
8673,031779,C,1270.87,176,1697
8673,031779,D,1000.38,191,1918
8673,080212,C,837.33,51,499
8673,080212,D,405.14,71,760
8681,020109,C,884.20,6,58
8681,031779,A,1188.52,189,1783
8681,031779,B,1193.75,135,1226
8681,031779,C,245.60,54,520
8684,01611,A,1140.70,102,1067
8684,01611,C,1282.32,141,1308
8684,01611,D,1248.22,86,912
8684,020109,B,499.47,159,1604
8684,080212,A,1231.40,200,2009
8684,080212,C,1328.03,157,1609
8686,003480,A,1017.76,70,651
8686,003480,B,83.58,132,1156
8686,003480,C,713.28,119,1054
8686,003480,D,102.80,130,1313
8686,01611,C,1172.51,194,2039
8686,01611,D,254.24,8,85
8686,020109,A,32.73,168,1463
8686,020109,B,349.03,0,0
8686,020109,D,367.04,150,1372
8686,031779,A,1148.77,49,427
8686,031779,B,567.93,182,1955
8686,080212,B,356.23,24,208
8686,080212,C,599.33,167,1700
8688,003480,A,457.06,12,113
8688,003480,B,612.42,13,113
8688,01611,A,1255.70,178,1769
8688,020109,B,419.45,33,328
8688,020109,C,888.68,94,851
8688,031779,A,190.36,189,1978
8688,080212,A,195.05,158,1678
8695,003480,A,977.52,58,573
8695,003480,B,168.19,2,17
8695,003480,C,525.84,181,1848
8695,01611,B,182.57,31,303
8695,01611,C,952.94,162,1734
8695,020109,C,427.72,5,53
8695,020109,D,359.44,68,666
8697,003480,B,438.03,58,614
8697,003480,C,268.91,172,1540
8697,003480,D,191.78,147,1471
8697,01611,A,986.38,164,1718
8697,01611,C,968.46,16,169
8697,01611,D,72.00,14,149
8697,080212,A,1217.52,139,1456
8701,003480,A,65.23,78,752
8701,01611,A,1316.76,11,106
8701,01611,B,767.71,167,1721
8701,01611,C,1154.18,84,785
8701,020109,A,220.80,123,1202
8701,020109,C,17.89,139,1293
8701,080212,C,430.89,148,1596
8702,003480,A,369.29,1,10
8702,003480,C,889.05,40,346
8702,003480,D,296.31,166,1747
8702,01611,C,858.10,146,1424
8702,020109,C,978.43,72,742
8702,031779,B,851.86,80,810
8702,080212,A,955.61,91,925
8702,080212,C,264.53,168,1454
8714,01611,A,710.16,1,10
8714,020109,A,655.36,154,1452
8714,020109,D,212.06,182,1608
8714,031779,C,64.93,19,172
8714,031779,D,548.01,170,1492
8714,080212,C,11.41,168,1770
8717,003480,A,561.83,128,1227
8717,003480,B,1094.39,177,1599
8717,01611,B,1428.16,159,1638
8717,020109,B,1410.92,194,2072
8717,020109,C,444.86,78,733
8717,020109,D,565.70,17,152
8717,031779,C,720.91,117,1089
8719,003480,C,1332.90,132,1303
8719,003480,D,1062.45,34,347
8719,01611,C,1095.07,44,375
8719,020109,A,1198.88,193,1875
8719,020109,D,1283.14,41,352
8719,031779,A,11.86,200,1831
8719,031779,B,148.07,16,157
8719,080212,B,240.97,146,1413
8725,003480,B,1173.76,121,1195
8725,003480,C,1023.24,122,1241
8725,01611,B,1160.61,17,149
8725,01611,C,53.45,13,130
8725,020109,A,892.24,15,139
8725,031779,C,126.50,60,600
8725,080212,A,485.60,63,572
8730,003480,A,1359.88,161,1361
8730,003480,C,1058.28,29,293
8730,003480,D,1449.37,35,336
8730,01611,B,1449.25,106,932
8730,01611,C,294.39,125,1329
8730,01611,D,988.92,10,104
8730,031779,A,1170.57,52,541
8730,080212,B,613.30,152,1382
8730,080212,C,756.57,99,1042
8742,003480,C,1200.36,147,1534
8742,01611,B,1370.44,162,1706
8742,01611,C,812.03,145,1478
8742,020109,B,1180.55,78,800
8742,031779,A,93.51,196,1815
8742,031779,B,444.55,145,1364
8742,031779,C,330.44,119,1186
8749,003480,B,167.40,162,1573
8749,003480,D,867.68,62,617
8749,01611,C,794.72,146,1412
8749,020109,A,55.71,44,459
8749,020109,D,750.81,79,741
8749,031779,A,850.94,173,1720
8749,080212,A,1428.00,74,706
8757,01611,A,556.53,115,1072
8757,01611,B,1444.24,7,69
8757,01611,C,129.43,49,463
8757,031779,C,894.37,142,1477
8757,031779,D,93.96,153,1486
8768,003480,A,1099.10,13,117
8768,003480,C,489.41,27,271
8768,020109,B,1408.28,129,1351
8768,020109,C,1331.96,54,467
8768,031779,A,1086.28,23,196
8768,080212,A,612.10,105,1042
8768,080212,B,908.94,155,1607
8768,080212,D,1134.38,109,1111
8770,003480,C,417.09,105,1056
8770,01611,A,520.51,106,1056
8770,01611,C,232.52,173,1552
8770,020109,B,553.53,165,1520
8770,020109,C,93.58,108,1010
8770,020109,D,763.73,152,1279
8770,031779,A,331.22,48,412
8770,031779,B,486.14,197,1686
8770,031779,C,1308.73,175,1721
8770,031779,D,1420.86,189,1611
8770,080212,C,24.99,146,1538
8771,003480,B,345.47,13,116
8771,01611,B,568.18,162,1733
8771,01611,C,350.29,192,1807
8771,01611,D,126.17,166,1440
8771,031779,B,363.13,186,1587
8777,003480,A,305.16,4,39
8777,003480,C,811.55,42,395
8777,01611,A,1297.12,200,1730
8777,01611,C,1433.18,59,497
8777,020109,C,886.99,169,1454
8777,031779,A,610.33,108,1092
8777,031779,B,1514.38,17,166
8781,003480,B,1246.43,166,1483
8781,003480,D,368.77,28,276
8781,01611,A,785.95,80,675
8781,01611,B,1472.83,129,1228
8781,031779,C,1090.98,183,1912
8781,080212,C,740.47,150,1295
8782,003480,A,420.81,131,1347
8782,003480,B,1448.49,66,674
8782,01611,A,1543.92,91,816
8782,01611,D,1190.33,75,672
8782,020109,A,1342.30,56,527
8782,020109,C,618.26,125,1286
8782,080212,A,672.73,150,1457
8782,080212,C,937.00,184,1759
8782,080212,D,896.14,58,535
8789,003480,B,1506.35,118,1222
8789,01611,A,185.17,126,1213
8789,01611,D,457.18,16,162
8789,020109,A,778.22,118,1225
8789,020109,B,1290.70,42,448
8789,020109,C,1237.78,154,1660
8789,020109,D,1203.22,14,119
8789,031779,C,1246.76,196,1840
8789,080212,B,197.96,135,1190
8800,003480,A,193.97,99,855
8800,01611,A,807.14,105,1117
8800,01611,B,372.48,132,1315
8800,020109,A,1275.36,112,1078
8800,020109,C,1171.10,181,1570
8800,031779,B,640.94,142,1234
8800,080212,B,410.51,160,1558
8800,080212,C,388.23,94,1001
8802,003480,A,1473.57,145,1475
8802,01611,B,1576.46,152,1280
8802,020109,C,281.72,10,90
8802,031779,A,1216.06,80,688
8802,031779,B,348.79,56,563
8802,080212,B,451.48,188,1938
8802,080212,C,1004.94,145,1266
8808,003480,C,869.80,198,1852
8808,01611,A,76.50,178,1698
8808,01611,D,374.93,26,265
8808,020109,B,1607.10,128,1262
8808,020109,D,1610.42,7,61
8808,080212,A,1499.09,170,1673
8808,080212,B,268.94,75,692
8816,01611,A,770.69,0,0
8816,01611,D,123.99,25,240
8816,020109,C,859.81,23,226
8816,020109,D,592.23,94,876
8816,080212,C,1578.32,31,324
8826,003480,B,1259.97,118,1107
8826,003480,C,592.25,27,249
8826,003480,D,424.67,128,1226
8826,020109,A,1448.61,101,1082
8826,031779,B,899.75,54,468
8826,031779,C,349.89,178,1775
8826,080212,A,471.41,59,518
8835,003480,C,1466.06,70,718
8835,01611,C,1155.14,62,584
8835,020109,C,888.54,15,146
8835,031779,A,1568.74,54,543
8835,080212,A,1640.92,85,855
8835,080212,B,717.95,123,1274
8835,080212,C,749.67,40,431
8842,003480,C,366.67,56,473
8842,01611,C,744.48,111,979
8842,020109,B,793.74,23,238
8842,031779,A,1274.72,158,1523
8842,031779,D,1019.71,98,1010
8842,080212,A,1055.26,200,2003
8842,080212,D,1560.34,61,522
8847,003480,A,1456.27,131,1372
8847,01611,B,617.67,184,1956
8847,020109,C,1508.43,8,72
8847,020109,D,211.82,158,1449
8847,031779,A,978.03,187,1701
8847,080212,B,1519.39,168,1801
8847,080212,C,926.30,62,559
8854,003480,A,1239.40,132,1303
8854,003480,B,536.42,18,164
8854,01611,A,265.90,31,315
8854,01611,B,1221.46,184,1912
8854,020109,C,152.07,29,305
8854,020109,D,24.01,146,1229
8854,031779,C,191.79,109,1086
8855,003480,B,1211.16,58,506
8855,01611,B,475.15,43,382
8855,01611,C,1444.10,159,1503
8855,01611,D,492.13,122,1074
8855,020109,A,864.07,141,1353
8855,020109,B,1574.16,153,1454
8855,020109,C,185.28,99,998
8855,031779,A,1335.52,40,424
8855,080212,A,1326.96,33,343
8855,080212,B,1204.28,21,184
8855,080212,C,1397.25,41,417
8867,003480,B,1527.52,79,794
8867,020109,A,445.58,101,878
8867,020109,B,954.07,19,188
8867,020109,C,1673.69,30,258
8867,031779,A,1572.31,113,1118
8867,031779,D,502.87,184,1820
8867,080212,C,1342.84,13,140
8870,01611,A,1345.87,63,612
8870,01611,C,1598.89,72,616
8870,020109,A,1171.60,154,1411
8870,031779,A,1182.08,176,1868
8870,031779,C,1726.66,45,419
8870,080212,A,1227.65,7,69
8870,080212,D,659.65,72,751
8875,003480,A,1633.31,138,1330
8875,003480,B,1254.10,197,1704
8875,003480,C,1214.63,28,287
8875,003480,D,340.31,23,203
8875,01611,A,1417.56,123,1257
8875,01611,B,864.89,190,1713
8875,020109,B,334.02,10,105
8875,020109,C,224.10,127,1105
8875,080212,C,1343.63,34,302
8888,020109,A,362.96,58,528
8888,031779,A,418.35,12,114
8888,031779,B,45.31,137,1394
8888,031779,C,1105.56,124,1266
8888,031779,D,263.89,39,330
8898,01611,A,1521.20,101,1032
8898,01611,C,1550.98,160,1435
8898,020109,A,1572.85,10,93
8898,020109,C,1531.11,52,441
8898,080212,C,643.73,149,1602
8898,080212,D,748.06,112,1123
8900,003480,A,815.48,188,1707
8900,003480,B,1502.85,5,48
8900,003480,C,1511.27,58,506
8900,01611,B,371.75,104,1070
8900,031779,A,210.01,13,136
8900,080212,A,1043.34,140,1193
8900,080212,B,1038.89,137,1184
8900,080212,C,118.33,104,895
8904,01611,A,1662.86,142,1471
8904,01611,C,713.04,169,1655
8904,01611,D,1504.41,74,687
8904,020109,B,808.06,37,348
8904,031779,A,1485.22,193,2052
8904,031779,B,1410.24,123,1054
8904,080212,A,1439.33,65,676
8905,003480,B,312.15,114,1073
8905,020109,A,1701.88,69,682
8905,031779,A,470.39,164,1612
8905,080212,C,662.67,131,1147
8907,003480,A,1664.57,88,894
8907,01611,A,778.22,42,393
8907,01611,B,133.44,199,1738
8907,01611,C,1409.56,28,298
8907,020109,C,1226.39,187,1667
8907,020109,D,409.85,160,1498
8907,031779,C,321.85,102,998
8907,080212,A,864.70,80,826
8907,080212,B,585.92,161,1643
8909,003480,A,1765.49,50,477
8909,01611,A,1268.12,159,1693
8909,01611,B,263.87,175,1598
8909,01611,C,487.81,125,1132
8909,020109,B,1766.12,110,1109
8909,020109,C,1257.90,68,723
8909,020109,D,500.56,39,340
8909,031779,B,1062.49,156,1462
8909,080212,B,1259.15,131,1281
8909,080212,D,1250.81,33,306
8910,003480,B,863.79,12,126
8910,003480,C,725.91,142,1371
8910,020109,B,910.38,181,1896
8910,031779,A,413.30,112,1003
8910,031779,C,1629.76,14,137
8910,031779,D,1547.54,179,1667
8910,080212,A,808.59,42,356
8911,003480,C,479.04,102,984
8911,01611,A,1554.36,179,1509
8911,01611,B,61.20,4,41
8911,01611,C,413.23,125,1198
8911,020109,A,470.74,60,512
8911,020109,B,0.20,148,1421
8911,020109,D,36.22,47,446
8911,031779,A,749.42,7,67
8911,031779,B,1259.82,11,96
8911,031779,D,1801.94,120,1161
8911,080212,A,334.55,17,173
8911,080212,B,974.85,69,687
8911,080212,C,656.90,103,988
8930,003480,A,1395.66,142,1309
8930,003480,B,1078.31,35,366
8930,01611,D,1144.87,141,1213
8930,020109,B,939.58,92,967
8930,080212,C,192.42,162,1492
8931,003480,A,929.92,56,515
8931,003480,B,209.47,95,817
8931,020109,A,1476.03,65,619
8931,020109,C,557.54,180,1573
8931,020109,D,566.59,134,1165
8931,031779,C,714.88,188,1693
8931,080212,B,1491.28,58,600
8933,003480,B,1255.54,76,644
8933,01611,A,1319.27,132,1306
8933,01611,C,75.93,68,724
8933,020109,A,833.78,194,1768
8933,031779,A,100.74,184,1576
8933,080212,B,1126.17,159,1584
8938,003480,C,1098.77,172,1779
8938,01611,B,457.64,2,18
8938,01611,D,959.75,13,112
8938,020109,A,179.01,83,894
8938,020109,B,580.07,179,1859
8938,020109,D,838.66,53,536
8938,031779,A,456.23,200,1747
8938,031779,B,227.38,26,261
8938,031779,C,798.03,1,9
8938,031779,D,452.44,66,601
8938,080212,A,1358.73,115,1087
8938,080212,C,1647.37,125,1172
8948,003480,B,867.92,175,1680
8948,003480,C,1883.54,122,1167
8948,01611,B,1531.33,75,742
8948,020109,A,1026.87,194,1645
8948,031779,A,1030.69,194,1720
8948,031779,B,421.14,92,982
8948,031779,C,1830.53,95,985
8948,031779,D,1840.23,120,1215
8956,003480,A,1839.61,178,1671
8956,003480,C,1136.68,147,1309
8956,003480,D,1504.40,154,1478
8956,031779,C,550.43,9,83
8956,031779,D,865.01,160,1369
8956,080212,C,1840.45,63,631
8957,003480,A,293.69,159,1589
8957,003480,C,1263.97,147,1334
8957,01611,C,593.59,66,654
8957,01611,D,1042.16,93,895
8957,020109,B,1570.19,1,9
8957,020109,D,938.24,52,445
8957,031779,B,1512.44,0,0
8957,080212,C,748.88,192,1950
8964,003480,A,429.82,135,1282
8964,003480,C,588.74,128,1202
8964,003480,D,132.15,66,563
8964,01611,C,1639.83,180,1599
8964,031779,B,1032.40,48,518
8964,080212,A,64.84,133,1131
8964,080212,B,655.75,98,1011
8973,003480,B,1382.70,129,1383
8973,003480,C,723.70,43,389
8973,01611,A,1334.88,174,1618
8973,01611,B,513.18,0,0
8973,020109,C,1092.93,38,386
8973,020109,D,177.14,177,1708
8973,031779,C,1430.48,85,912
8973,080212,B,550.95,87,744
8983,003480,D,778.63,139,1354
8983,01611,C,1095.61,18,177
8983,020109,B,1876.81,101,996
8983,031779,B,230.67,20,180
8983,031779,C,231.12,180,1592
8983,031779,D,870.16,140,1430
8986,003480,C,1546.53,81,726
8986,01611,C,1790.02,154,1586
8986,031779,A,316.47,197,1926
8986,031779,B,1867.83,30,265
8986,031779,C,369.58,164,1470
8986,080212,C,445.85,98,1007
8986,080212,D,1671.54,162,1424
8997,003480,A,1817.10,188,1906
8997,003480,C,153.93,107,1040
8997,003480,D,438.51,82,754
8997,01611,A,1741.44,141,1500
8997,01611,C,1140.37,85,737
8997,020109,A,1840.85,102,866
8997,020109,C,523.04,29,295
8997,020109,D,1036.18,11,105
8997,031779,B,875.63,1,10
8997,031779,C,1926.31,185,1661
8997,031779,D,300.61,183,1689
8997,080212,A,590.36,56,578
8998,003480,B,945.48,27,280
8998,003480,C,1546.71,27,290
8998,003480,D,1754.10,144,1428
8998,01611,A,349.37,105,916
8998,01611,C,451.12,91,976
8998,01611,D,673.33,100,906
8998,020109,B,1274.49,164,1505
8998,020109,D,126.98,132,1323
8998,031779,B,332.96,196,1781
8998,031779,C,1617.84,86,823
8999,003480,A,709.91,177,1520
8999,003480,B,1573.06,112,1035
8999,003480,C,1450.89,123,1120
8999,003480,D,877.03,139,1277
8999,020109,A,166.64,105,1047
8999,020109,B,1101.39,60,643
8999,080212,B,428.64,198,1728
9000,003480,A,0.00,55,506
9000,003480,C,0.00,34,328
9000,003480,D,0.00,179,1577
9000,01611,A,0.00,1,11
9000,020109,A,0.00,184,1915
9000,020109,B,0.00,1,9
9000,020109,C,0.00,107,1016
9000,031779,B,0.00,127,1336
9003,003480,C,5.76,198,1688
9003,01611,B,1.87,184,1830
9003,01611,C,2.87,29,284
9003,01611,D,5.98,192,1742
9003,020109,B,1.25,78,660
9003,031779,A,5.93,157,1442
9010,003480,B,9.10,175,1754
9010,003480,C,7.57,34,345
9010,020109,B,15.95,176,1628
9010,031779,A,16.60,76,732
9010,080212,A,11.34,135,1276
9010,080212,B,2.29,0,0
9010,080212,C,13.00,150,1326
9014,01611,B,23.63,192,1830
9014,020109,A,12.18,56,589
9014,020109,B,9.21,44,469
9014,020109,C,16.33,89,878
9014,020109,D,23.23,92,971
9014,080212,A,24.41,118,1067
9015,01611,A,26.51,10,88
9015,01611,B,2.25,147,1393
9015,01611,C,20.22,84,776
9015,01611,D,18.38,160,1588
9015,020109,C,16.01,118,1194
9015,080212,A,29.05,107,975
9015,080212,D,2.73,176,1714
9019,01611,C,21.47,68,700
9019,020109,C,2.83,169,1567
9019,080212,A,32.73,156,1434
9019,080212,D,1.70,119,1153
9027,003480,A,46.87,38,368
9027,003480,D,8.49,116,1010
9027,020109,A,32.15,128,1161
9027,031779,B,25.91,1,10
9027,031779,C,41.61,117,1215
9027,080212,A,8.43,170,1506
9027,080212,C,15.41,99,1035
9036,003480,A,65.96,200,1863
9036,01611,B,27.96,190,1828
9036,01611,D,20.48,184,1606
9036,020109,A,71.88,154,1562
9036,031779,A,10.07,55,532
9036,080212,B,30.82,200,1741
9036,080212,D,58.58,53,497
9039,003480,A,35.95,197,1948
9039,01611,B,42.15,166,1614
9039,020109,C,34.58,196,1809
9039,020109,D,49.07,44,373
9039,080212,A,20.06,90,905
9039,080212,B,40.01,4,38
9039,080212,C,20.94,162,1470
9042,003480,A,47.39,144,1351
9042,01611,B,72.45,194,2060
9042,01611,C,25.60,164,1624
9042,01611,D,64.75,101,1000
9042,020109,B,21.40,143,1465
9042,020109,C,23.21,11,107
9042,031779,C,52.25,121,1220
9042,080212,A,6.80,178,1869
9058,003480,B,45.91,189,1942
9058,01611,C,46.82,180,1785
9058,020109,A,9.19,169,1678
9058,020109,B,12.09,171,1835
9058,020109,D,63.69,157,1507
9058,031779,C,66.44,31,324
9058,080212,C,44.17,45,435
9070,003480,A,22.59,153,1519
9070,003480,B,116.65,22,188
9070,01611,A,102.18,33,307
9070,031779,C,132.55,102,866
9070,080212,A,76.33,77,809
9070,080212,B,32.07,186,1817
9070,080212,D,35.91,54,497
9080,01611,B,155.94,61,573
9080,020109,B,80.70,115,1114
9080,031779,C,57.98,180,1729
9080,031779,D,40.17,49,464
9080,080212,C,136.58,89,906
9080,080212,D,68.00,136,1347
9081,003480,A,115.42,126,1223
9081,003480,B,39.34,105,917
9081,003480,D,103.92,67,604
9081,01611,B,112.00,88,843
9081,020109,C,105.46,109,1006
9081,020109,D,92.42,66,700
9081,031779,A,65.08,143,1345
9081,031779,B,82.65,122,1231
9093,003480,A,96.52,42,426
9093,003480,B,110.90,79,814
9093,01611,A,13.87,155,1399
9093,01611,C,37.36,181,1898
9093,020109,B,165.13,150,1590
9093,031779,B,177.75,5,43
9093,031779,C,169.73,122,1217
9100,01611,C,25.39,126,1087
9100,020109,A,8.28,105,992
9100,020109,C,41.22,102,963
9100,020109,D,67.36,195,1882
9100,031779,B,64.74,141,1451
9100,031779,C,2.23,21,190
9100,080212,C,6.77,4,40
9107,020109,B,26.10,166,1680
9107,031779,A,107.34,164,1612
9107,031779,C,18.85,99,1060
9107,031779,D,168.81,137,1293
9107,080212,A,32.99,46,419
9107,080212,B,165.88,176,1887
9109,003480,B,47.12,44,433
9109,003480,C,58.77,131,1392
9109,003480,D,44.26,37,335
9109,01611,A,8.00,51,530
9109,01611,C,71.06,1,10
9109,020109,A,126.78,5,43
9109,020109,B,134.40,34,348
9109,031779,B,125.02,177,1785
9109,031779,C,213.93,36,332
9109,031779,D,79.57,25,267
9109,080212,A,120.16,120,1251
9109,080212,B,208.52,87,779
9109,080212,C,115.01,73,718
9109,080212,D,55.20,33,321
9122,003480,A,8.22,23,224
9122,01611,B,73.45,50,459
9122,020109,A,224.88,190,1643
9122,020109,B,165.59,176,1671
9122,020109,D,78.57,10,90
9122,080212,A,85.70,125,1226
9122,080212,D,45.28,159,1411
9126,003480,A,86.56,199,1755
9126,003480,B,115.15,187,1664
9126,003480,C,186.49,16,168
9126,01611,B,69.87,146,1458
9126,020109,A,126.51,87,772
9126,020109,B,3.00,71,610
9126,020109,C,193.09,103,871
9126,020109,D,35.53,69,631
9126,031779,B,23.56,51,463
9126,031779,D,64.57,79,814
9126,080212,A,160.27,20,193
9126,080212,C,29.75,138,1195
9126,080212,D,247.18,166,1607
9129,003480,C,164.24,144,1331
9129,01611,A,232.74,13,128
9129,01611,B,73.78,4,36
9129,01611,D,159.48,42,391
9129,031779,A,25.10,40,349
9129,031779,B,232.59,102,1019
9136,003480,C,115.61,45,430
9136,01611,C,16.60,78,665
9136,020109,C,9.17,126,1153
9136,020109,D,56.00,42,420
9136,080212,B,218.34,159,1677
9136,080212,C,45.06,129,1284
9136,080212,D,195.86,87,876
9140,003480,A,35.06,125,1213
9140,003480,B,24.48,161,1561
9140,003480,D,266.04,62,658
9140,020109,A,50.16,144,1247
9140,020109,C,13.65,107,1128
9140,031779,B,34.90,55,521
9140,080212,A,90.54,180,1730
9140,080212,B,257.69,84,867
9140,080212,C,279.06,73,740
9141,003480,A,172.31,77,772
9141,003480,C,157.36,64,680
9141,01611,B,61.35,83,822
9141,020109,B,151.27,94,998
9141,020109,C,135.57,101,1051
9141,031779,B,281.98,104,976
9141,031779,C,53.49,74,781
9141,080212,A,192.24,49,521
9141,080212,B,176.54,36,339
9141,080212,C,53.58,127,1332
9142,003480,B,0.35,56,549
9142,01611,A,261.42,27,235
9142,01611,B,153.54,10,100
9142,01611,C,225.03,188,1682
9142,01611,D,41.97,103,1064
9142,020109,A,263.25,172,1536
9142,020109,B,210.07,21,212
9142,031779,A,250.46,119,1056
9144,003480,A,201.99,190,2008
9144,003480,B,245.97,26,280
9144,003480,D,122.05,53,472
9144,01611,C,247.32,5,47
9144,01611,D,221.00,170,1554
9144,020109,B,169.70,148,1251
9144,020109,C,170.58,122,1202
9144,031779,B,154.58,147,1505
9144,031779,C,60.82,56,572
9144,031779,D,111.41,164,1415
9144,080212,A,23.17,4,41
9144,080212,B,268.90,160,1712
9144,080212,D,278.15,200,1886
9146,003480,C,186.31,103,1025
9146,01611,A,21.14,55,547
9146,01611,B,279.97,200,2083
9146,01611,D,254.80,24,232
9146,020109,A,39.03,17,173
9146,020109,C,186.70,154,1642
9146,080212,A,276.70,118,1076
9150,003480,A,124.39,22,203
9150,020109,B,296.08,75,653
9150,020109,D,92.03,53,503
9150,031779,B,74.45,29,251
9150,080212,A,195.06,199,1882
9150,080212,B,118.46,107,1150
9150,080212,C,210.11,2,19
9156,003480,A,81.73,50,423
9156,003480,B,183.68,193,1895
9156,003480,C,230.60,66,636
9156,020109,A,183.17,98,853
9156,020109,C,185.50,132,1307
9156,020109,D,9.35,148,1580
9156,080212,C,34.33,86,776
9162,01611,A,42.00,112,1077
9162,020109,A,245.69,12,115
9162,020109,B,249.87,59,631
9162,020109,C,257.76,193,1951
9162,031779,A,272.75,32,304
9162,080212,A,139.33,74,634
9162,080212,B,81.46,30,310
9169,003480,A,16.40,104,915
9169,020109,B,34.74,68,602
9169,020109,C,170.25,199,1710
9169,031779,A,59.59,48,436
9169,031779,B,324.51,194,1700
9169,080212,B,275.29,22,206
9169,080212,D,173.75,179,1928
9171,003480,A,83.36,117,1003
9171,003480,B,41.39,25,223
9171,003480,D,4.77,170,1640
9171,01611,C,125.05,123,1218
9171,020109,B,85.46,152,1460
9171,080212,A,308.55,165,1574
9171,080212,B,238.76,160,1362
9172,003480,B,77.31,143,1534
9172,003480,C,5.99,104,980
9172,003480,D,187.21,92,815
9172,01611,B,188.60,185,1827
9172,01611,D,165.54,140,1487
9172,020109,B,117.45,25,266
9172,020109,C,252.39,61,570
9172,080212,A,342.39,113,1123
9179,003480,C,230.36,129,1227
9179,020109,C,259.38,39,398
9179,031779,B,198.11,151,1560
9179,080212,B,276.74,123,1086
9191,003480,B,229.04,161,1658
9191,020109,B,182.38,8,81
9191,020109,C,20.75,53,535
9191,031779,A,36.63,131,1155
9191,031779,B,100.54,46,438
9191,031779,C,89.83,148,1532
9191,080212,B,236.68,60,634
9194,01611,C,62.58,3,28
9194,020109,A,383.72,31,292
9194,020109,C,188.11,198,1939
9194,020109,D,210.19,53,499
9194,031779,B,285.86,33,302
9194,031779,C,357.60,188,2029
9194,031779,D,361.68,13,136
9196,003480,A,271.90,48,516
9196,003480,C,91.47,144,1346
9196,003480,D,29.23,43,446
9196,01611,B,39.39,73,701
9196,020109,B,72.31,133,1286
9196,031779,C,161.25,55,555
9196,080212,B,166.78,164,1688
9199,003480,B,127.22,107,1046
9199,01611,C,254.07,103,994
9199,020109,A,33.69,162,1431
9199,020109,B,370.25,146,1361
9199,020109,C,248.58,18,152
9199,031779,B,273.52,57,553
9199,080212,C,350.29,41,393
9202,003480,A,376.59,182,1819
9202,003480,B,141.23,48,465
9202,01611,A,324.18,5,42
9202,031779,A,176.91,178,1759
9202,031779,B,284.67,84,811
9202,031779,C,24.73,192,1779
9202,031779,D,162.67,189,1968
9202,080212,B,372.31,197,2113
9209,003480,B,368.57,22,190
9209,01611,A,96.12,132,1154
9209,01611,B,408.32,140,1489
9209,01611,D,243.19,25,226
9209,020109,B,287.00,95,972
9209,031779,B,325.42,199,1919
9209,080212,B,188.53,131,1388
9216,003480,A,189.97,131,1353
9216,01611,B,232.92,66,596
9216,01611,C,411.52,117,1077
9216,020109,B,140.11,4,34
9216,020109,C,126.99,71,745
9216,020109,D,5.70,69,652
9216,031779,B,71.77,40,401
9216,031779,C,101.93,199,2103
9222,003480,B,117.82,157,1330
9222,003480,D,412.94,49,446
9222,020109,A,384.14,104,1080
9222,031779,B,36.63,13,121
9222,080212,B,341.97,199,2031
9222,080212,C,207.17,197,1762
9223,003480,A,340.24,90,830
9223,003480,B,354.24,158,1493
9223,003480,C,191.60,117,1127
9223,003480,D,122.91,138,1442
9223,01611,A,297.46,112,1149
9223,01611,B,0.54,118,1058
9223,01611,C,139.00,17,149
9223,01611,D,186.94,40,343
9223,020109,A,382.02,141,1201
9223,020109,C,281.31,187,1672
9223,020109,D,204.89,76,740
9223,031779,A,435.78,148,1277
9223,031779,C,253.28,152,1421
9223,080212,B,36.24,199,2024
9223,080212,C,250.00,199,1829
9232,003480,B,332.73,61,543
9232,003480,D,224.79,123,1131
9232,01611,A,318.35,166,1556
9232,01611,C,409.61,15,139
9232,020109,A,25.87,199,1878
9232,031779,C,370.12,174,1591
9232,080212,B,51.90,133,1284
9232,080212,D,266.16,184,1790
9249,003480,B,432.30,28,292
9249,020109,B,320.94,130,1179
9249,020109,C,412.27,75,728
9249,020109,D,248.75,99,947
9249,031779,A,64.58,185,1823
9249,031779,C,496.24,166,1636
9249,080212,A,114.69,137,1290
9249,080212,C,295.22,122,1069
9250,003480,A,25.16,4,42
9250,003480,D,346.11,143,1429
9250,01611,A,38.95,137,1474
9250,020109,A,13.97,2,20
9250,020109,B,229.98,48,450
9250,020109,C,458.05,172,1517
9250,080212,A,247.56,61,526
9253,003480,A,401.66,38,323
9253,01611,C,30.86,46,387
9253,01611,D,316.79,96,881
9253,020109,B,45.71,26,260
9253,031779,A,138.12,33,314
9253,031779,C,243.16,107,1130
9253,031779,D,337.04,178,1536
9253,080212,B,372.97,35,323
9254,003480,A,443.35,65,653
9254,003480,C,268.91,192,2026
9254,003480,D,218.58,113,1174
9254,01611,B,113.02,160,1697
9254,020109,B,50.87,84,845
9254,031779,A,401.68,89,789
9254,080212,B,348.90,60,621
9256,003480,C,425.20,85,906
9256,01611,A,454.29,181,1603
9256,01611,C,50.20,155,1358
9256,020109,D,125.10,110,1131
9256,080212,A,60.98,153,1528
9263,003480,A,142.58,97,1035
9263,003480,D,417.60,166,1653
9263,031779,C,349.11,151,1370
9263,080212,B,283.97,198,1950
9263,080212,C,464.41,185,1769
9263,080212,D,250.72,48,495
9273,003480,A,262.74,0,0
9273,003480,D,33.18,61,553
9273,01611,B,495.62,92,843
9273,01611,D,36.06,124,1078
9273,031779,C,82.62,48,474
9273,080212,A,480.21,142,1332
9273,080212,C,467.05,113,1085
9278,003480,A,410.51,113,1090
9278,003480,B,265.88,193,1939
9278,003480,C,238.12,177,1797
9278,003480,D,287.44,137,1341
9278,01611,A,284.49,165,1481
9278,01611,C,525.17,159,1641
9278,01611,D,504.92,85,803
9278,020109,A,462.55,119,1222
9278,020109,C,388.50,42,383
9278,031779,B,279.82,29,269
9278,080212,B,351.54,67,685
9278,080212,C,270.96,132,1413
9278,080212,D,32.96,84,753
9293,01611,A,125.26,107,1045
9293,01611,B,472.81,128,1297
9293,020109,C,359.96,95,955
9293,031779,A,520.95,167,1599
9293,031779,C,252.64,173,1667
9293,031779,D,343.28,0,0
9293,080212,A,248.25,117,1153
9299,003480,A,335.74,83,836
9299,01611,C,314.34,92,861
9299,020109,B,310.24,129,1207
9299,031779,B,359.85,49,425
9299,080212,A,544.40,154,1359
9299,080212,C,430.20,11,118
9299,080212,D,449.60,97,1032
9302,003480,B,218.36,189,1812
9302,003480,C,376.01,148,1578
9302,01611,C,172.08,74,667
9302,020109,A,492.14,101,962
9302,020109,C,285.82,64,648
9302,020109,D,375.49,38,365
9302,031779,C,353.73,25,237
9306,003480,A,459.33,106,1059
9306,01611,A,440.56,103,1018
9306,01611,C,242.26,200,2109
9306,01611,D,451.13,31,329
9306,020109,B,270.98,30,302
9306,020109,C,149.29,179,1724
9306,080212,B,21.02,98,873
9307,003480,B,157.40,95,906
9307,01611,A,579.60,156,1510
9307,01611,C,301.67,105,903
9307,01611,D,289.28,129,1247
9307,020109,A,359.57,7,75
9307,020109,D,269.35,178,1622
9307,031779,B,273.47,129,1255
9323,003480,B,121.92,98,1058
9323,01611,B,292.66,180,1757
9323,01611,C,276.13,179,1644
9323,020109,C,196.88,152,1372
9323,020109,D,336.59,83,765
9323,031779,B,54.29,67,674
9323,080212,B,549.22,132,1262
9334,01611,A,169.69,1,9
9334,01611,B,188.43,93,807
9334,01611,D,667.39,8,77
9334,020109,A,79.91,78,662
9334,020109,B,505.78,19,193
9334,020109,D,131.79,196,1856
9334,031779,B,401.76,94,830
9339,003480,C,113.58,94,1004
9339,01611,A,59.93,14,144
9339,01611,C,87.37,45,440
9339,01611,D,189.57,99,903
9339,080212,B,86.92,139,1492
9339,080212,C,34.35,8,85
9342,003480,A,567.28,180,1544
9342,003480,B,16.46,16,169
9342,003480,D,610.73,13,127
9342,01611,A,204.15,134,1207
9342,01611,B,560.78,7,67
9342,01611,C,109.65,14,135
9342,080212,B,287.80,176,1712
9346,003480,A,179.00,88,778
9346,003480,D,183.78,129,1196
9346,020109,B,418.83,147,1331
9346,080212,B,292.21,110,1135
9351,003480,B,365.91,9,88
9351,01611,A,3.10,117,1082
9351,01611,B,602.91,99,927
9351,01611,C,299.65,16,159
9351,020109,A,99.30,91,968
9351,020109,B,189.59,69,639
9351,080212,B,227.10,145,1250
9354,003480,B,689.68,143,1399
9354,020109,B,371.34,8,67
9354,020109,C,371.00,107,1089
9354,020109,D,537.61,200,2040
9354,031779,C,520.30,85,891
9354,080212,A,406.68,160,1532
9359,003480,C,198.17,178,1591
9359,01611,C,349.60,108,1142
9359,020109,C,481.87,62,553
9359,031779,B,136.75,150,1619
9359,031779,C,301.43,128,1179
9359,080212,B,590.88,137,1445
9359,080212,C,199.97,92,977
9363,003480,B,625.22,99,1010
9363,01611,A,248.93,94,838
9363,020109,C,639.60,126,1161
9363,080212,A,85.26,40,414
9363,080212,B,284.49,187,1968
9363,080212,C,189.33,80,689
9363,080212,D,25.28,163,1580
9369,003480,C,531.20,145,1436
9369,003480,D,118.98,127,1263
9369,01611,A,467.99,167,1501
9369,01611,B,14.19,45,480
9369,020109,A,20.05,87,768
9369,020109,D,692.67,46,394
9369,031779,B,294.37,72,747
9369,031779,C,580.95,135,1347
9369,031779,D,70.90,84,798
9369,080212,A,458.84,122,1062
9369,080212,B,680.42,84,902
9369,080212,D,456.82,69,595
9377,003480,A,176.24,44,374
9377,01611,C,77.90,131,1227
9377,020109,A,549.28,49,493
9377,020109,D,486.53,177,1830
9377,080212,A,592.76,129,1236
9377,080212,D,64.92,101,1067
9378,01611,A,611.16,0,0
9378,01611,C,116.53,148,1379
9378,01611,D,500.05,153,1631
9378,020109,B,618.90,159,1376
9378,020109,C,184.05,119,1149
9378,031779,A,283.18,100,1045
9403,003480,A,391.45,77,790
9403,003480,C,674.71,120,1100
9403,01611,A,15.22,26,267
9403,01611,C,541.58,177,1589
9403,020109,B,480.44,91,818
9403,020109,C,110.47,81,695
9403,031779,C,782.24,34,345
9407,003480,C,168.28,50,457
9407,003480,D,711.97,133,1220
9407,01611,A,244.25,59,515
9407,020109,A,350.05,3,27
9407,020109,B,151.92,175,1503
9407,031779,B,693.71,38,403
9407,031779,C,747.26,193,1649
9407,080212,A,428.71,99,876
9407,080212,B,251.57,109,989
9407,080212,D,679.29,68,700
9409,003480,A,567.01,134,1187
9409,003480,B,226.50,88,887
9409,003480,D,606.03,187,1774
9409,01611,A,602.20,114,1169
9409,01611,D,656.56,44,456
9409,020109,A,389.28,86,725
9409,080212,A,462.99,159,1516
9411,003480,A,49.00,165,1467
9411,003480,B,508.84,25,265
9411,01611,A,112.81,155,1662
9411,01611,D,688.93,194,1942
9411,020109,D,397.41,114,1207
9411,031779,C,564.01,187,1668
9411,080212,C,282.66,3,28
9414,003480,A,217.88,0,0
9414,003480,C,119.40,67,655
9414,01611,B,606.37,103,988
9414,01611,C,322.45,197,2112
9414,020109,A,587.31,139,1470
9414,020109,B,337.48,51,525
9414,020109,C,78.58,30,316
9414,031779,A,436.57,48,457
9414,080212,A,9.42,134,1242
9414,080212,B,565.04,73,618
9414,080212,C,476.83,118,1151
9416,003480,A,602.04,163,1509
9416,01611,B,417.47,149,1518
9416,020109,A,475.18,29,252
9416,020109,D,46.99,143,1423
9416,031779,A,77.58,92,984
9416,031779,B,183.82,139,1337
9416,031779,C,72.46,171,1592
9416,031779,D,655.26,17,155
9416,080212,B,772.17,109,1073
9418,003480,A,220.93,118,1077
9418,003480,B,624.04,32,313
9418,01611,B,689.18,68,605
9418,020109,A,157.75,116,1179
9418,031779,C,191.14,27,288
9418,031779,D,818.56,131,1258
9418,080212,B,40.37,134,1346
9433,003480,B,178.98,15,145
9433,003480,C,616.67,95,1015
9433,01611,B,487.14,23,217
9433,031779,A,138.35,36,310
9433,080212,A,62.87,99,1058
9433,080212,D,40.19,74,757
9442,003480,C,330.32,29,276
9442,01611,A,157.76,47,398
9442,020109,C,37.24,187,1647
9442,031779,C,32.18,93,834
9442,080212,A,711.27,179,1507
9442,080212,C,453.90,149,1411
9442,080212,D,623.52,96,860
9450,003480,B,100.60,75,715
9450,003480,C,233.99,120,1063
9450,003480,D,616.61,155,1379
9450,01611,C,372.55,6,55
9450,01611,D,505.28,77,713
9450,020109,C,124.68,140,1452
9450,020109,D,152.98,41,434
9450,031779,A,626.65,44,423
9450,031779,B,267.80,87,890
9450,031779,C,302.52,67,621
9450,031779,D,822.87,68,709
9450,080212,B,193.34,188,1773
9450,080212,C,104.12,99,924
9450,080212,D,97.76,160,1493
9456,003480,B,172.69,15,151
9456,003480,C,479.79,62,655
9456,01611,B,744.02,70,726
9456,01611,D,869.05,165,1587
9456,031779,C,802.16,111,1166
9456,080212,B,228.19,79,852
9456,080212,C,795.83,81,723
9458,01611,A,15.60,186,1647
9458,01611,B,200.85,151,1292
9458,01611,D,108.32,83,880
9458,020109,A,385.47,18,173
9458,020109,B,914.23,3,26
9458,080212,A,904.27,103,1032
9458,080212,C,134.29,0,0
9462,003480,B,208.78,81,774
9462,003480,C,376.94,116,1230
9462,003480,D,698.44,37,336
9462,020109,C,197.83,14,123
9462,031779,B,220.99,152,1303
9462,031779,C,463.80,68,625
9462,080212,C,256.07,132,1182
9466,003480,C,307.20,14,121
9466,003480,D,217.88,115,1076
9466,01611,A,443.84,31,323
9466,01611,B,480.79,138,1387
9466,01611,C,286.51,37,314
9466,01611,D,762.34,133,1381
9466,020109,A,27.15,85,770
9466,020109,D,911.60,98,906
9466,031779,A,134.89,68,721
9466,031779,C,280.35,22,186
9466,031779,D,798.05,67,717
9466,080212,C,719.98,20,204
9470,003480,C,827.93,192,2049
9470,01611,A,851.96,166,1449
9470,01611,B,587.13,177,1783
9470,031779,B,483.68,121,1081
9470,080212,A,775.44,10,93
9470,080212,B,835.79,124,1303
9470,080212,D,433.59,44,429
9484,003480,A,153.31,194,1693
9484,003480,B,424.97,132,1117
9484,01611,B,117.82,153,1355
9484,020109,A,92.48,64,592
9484,020109,D,21.01,78,750
9484,031779,A,849.13,153,1531
9484,031779,D,540.39,181,1775
9484,080212,B,712.29,116,1220
9488,003480,A,367.21,73,729
9488,003480,C,940.10,197,1914
9488,003480,D,352.64,173,1646
9488,01611,B,141.14,150,1504
9488,01611,C,926.75,156,1367
9488,020109,C,316.19,17,175
9488,020109,D,628.45,79,826
9491,003480,B,215.49,26,225
9491,003480,C,321.90,19,166
9491,01611,C,357.25,93,803
9491,031779,B,456.73,150,1517
9491,031779,C,669.09,19,188
9491,031779,D,675.99,112,995
9491,080212,A,977.83,189,2001
9491,080212,C,76.53,178,1587
9502,003480,A,656.13,132,1405
9502,003480,B,160.05,72,648
9502,003480,C,741.05,113,1118
9502,01611,A,182.47,12,101
9502,01611,B,209.60,139,1171
9502,01611,C,374.82,87,918
9502,01611,D,814.54,8,74
9502,020109,A,41.52,130,1210
9506,01611,A,308.41,140,1342
9506,01611,D,622.22,185,1908
9506,020109,A,873.65,178,1899
9506,031779,B,952.14,91,938
9506,080212,C,482.77,196,1657
9513,003480,B,735.46,162,1514
9513,003480,C,634.49,98,1058
9513,01611,B,240.51,42,445
9513,020109,B,82.30,114,1205
9513,020109,D,404.84,199,1987
9513,031779,A,436.21,18,174
9513,080212,B,925.96,7,66
9514,003480,A,295.90,151,1626
9514,01611,B,1011.40,88,903
9514,020109,A,558.31,52,471
9514,020109,B,492.10,43,446
9514,031779,C,993.50,183,1702
9514,031779,D,929.38,53,529
9514,080212,C,221.20,198,2009
9514,080212,D,206.91,140,1194
9536,003480,A,163.64,125,1263
9536,01611,C,983.36,49,468
9536,031779,B,381.86,141,1236
9536,031779,C,667.63,83,835
9536,080212,A,977.57,197,2043
9536,080212,B,140.41,47,423
9536,080212,C,456.70,36,354
9545,003480,B,270.05,156,1524
9545,01611,A,216.38,56,487
9545,020109,A,104.24,30,311
9545,020109,B,390.79,74,645
9545,031779,A,788.23,196,1843
9545,031779,B,159.51,141,1392
9545,080212,B,554.00,53,452
9552,003480,A,591.61,119,1232
9552,01611,C,922.62,90,884
9552,020109,D,1047.13,87,893
9552,031779,B,909.22,158,1689
9552,031779,C,560.78,161,1582
9552,080212,C,647.18,51,516
9553,003480,C,692.36,149,1344
9553,020109,A,588.48,89,945
9553,020109,B,148.25,47,407
9553,031779,A,1104.59,64,650
9553,031779,B,19.87,24,237
9553,031779,D,454.81,100,939
9553,080212,A,607.45,194,1854
9563,003480,B,934.77,186,1949
9563,003480,C,373.55,133,1302
9563,003480,D,705.68,67,697
9563,01611,C,188.30,40,351
9575,003480,A,323.03,66,709
9575,003480,B,919.29,183,1870
9575,003480,C,812.93,140,1265
9575,01611,A,620.70,64,617
9575,01611,B,855.87,8,75
9575,01611,C,130.35,88,841
9575,020109,A,270.68,153,1452
9575,020109,C,236.40,151,1532
9575,031779,B,78.53,88,875
9575,031779,C,99.87,135,1235
9575,031779,D,805.08,72,607
9575,080212,A,8.67,122,1237
9575,080212,B,1057.60,145,1481
9575,080212,C,665.68,147,1236
9575,080212,D,586.15,126,1190
9587,003480,A,1000.29,120,1215
9587,003480,C,1003.05,191,2009
9587,01611,A,244.65,119,1169
9587,020109,A,1046.56,145,1433
9587,020109,B,311.53,89,753
9587,020109,C,162.87,15,160
9587,020109,D,521.62,16,173
9587,031779,B,425.46,1,9
9591,003480,A,996.91,6,60
9591,003480,B,129.59,103,1085
9591,003480,C,1030.53,131,1219
9591,003480,D,472.45,72,775
9591,01611,A,566.80,162,1396
9591,01611,B,1181.88,157,1321
9591,020109,B,841.43,64,546
9591,020109,C,691.15,119,1028
9591,020109,D,352.50,137,1181
9591,031779,A,387.46,167,1625
9591,031779,B,1069.03,8,68
9591,031779,C,403.55,115,1226
9591,080212,A,1085.41,135,1223
9591,080212,B,807.85,49,498
9591,080212,C,367.17,95,934
9592,003480,A,790.44,83,721
9592,01611,A,79.37,68,709
9592,020109,A,172.65,168,1645
9592,020109,B,607.52,77,785
9592,031779,C,970.13,112,1164
9592,080212,C,318.27,144,1474
9592,080212,D,96.83,195,1988
9594,003480,A,550.16,32,295
9594,003480,C,619.83,67,614
9594,01611,C,395.72,68,673
9594,01611,D,406.57,128,1137
9594,031779,B,1147.01,38,369
9594,031779,C,316.63,54,476
9594,031779,D,573.99,94,975
9601,003480,A,372.65,167,1572
9601,003480,C,779.77,194,1750
9601,003480,D,189.18,199,1862
9601,01611,A,1169.88,133,1245
9601,020109,C,602.62,77,817
9601,020109,D,429.64,66,708
9601,031779,A,1169.75,77,818
9601,031779,B,402.42,163,1744
9601,031779,C,363.19,81,716
9601,080212,C,813.80,26,245
9609,003480,B,973.47,154,1554
9609,003480,C,291.51,2,17
9609,003480,D,524.23,184,1834
9609,01611,B,1116.50,58,536
9609,031779,B,273.22,176,1882
9609,031779,C,1074.13,111,1120
9609,080212,A,371.99,16,141
9609,080212,C,1156.14,99,860
9627,003480,A,731.30,35,347
9627,003480,B,804.22,182,1943
9627,003480,C,818.34,103,1022
9627,003480,D,281.55,188,1651
9627,020109,B,869.73,195,1891
9627,020109,C,1035.20,52,450
9627,031779,A,674.34,79,778
9627,080212,A,188.93,142,1337
9630,003480,C,1207.07,64,667
9630,020109,B,971.76,117,1201
9630,020109,C,1116.05,195,1913
9630,020109,D,845.59,32,289
9630,031779,A,535.83,7,70
9630,031779,C,1237.07,103,979
9630,080212,C,771.60,101,1032
9630,080212,D,878.11,95,952
9639,003480,B,845.90,181,1657
9639,003480,C,264.15,98,1023
9639,003480,D,267.22,154,1582
9639,01611,A,330.59,131,1277
9639,01611,B,413.77,135,1455
9639,031779,B,875.24,125,1252
9639,080212,B,1272.48,50,512
9662,003480,B,745.83,169,1531
9662,01611,B,481.17,93,879
9662,01611,C,780.24,84,880
9662,01611,D,757.19,117,1130
9662,020109,A,232.27,154,1543
9662,020109,C,360.43,20,212
9662,080212,B,727.08,101,904
9665,003480,C,1108.77,133,1265
9665,003480,D,1040.46,96,1019
9665,01611,A,762.24,67,615
9665,01611,B,208.88,150,1549
9665,020109,A,731.94,190,1940
9665,020109,C,933.52,177,1857
9665,020109,D,449.00,200,1921
9665,031779,A,431.40,189,1948
9665,080212,A,264.48,70,698
9665,080212,B,26.01,101,869
9665,080212,D,874.61,114,1127
9671,003480,A,390.38,165,1736
9671,003480,D,11.82,194,1765
9671,01611,B,870.73,125,1118
9671,01611,D,614.14,75,671
9671,020109,A,785.51,115,1005
9671,020109,C,214.27,176,1656
9671,031779,C,1276.17,111,980
9674,01611,A,76.38,55,502
9674,01611,C,151.51,185,1610
9674,01611,D,126.38,137,1391
9674,020109,A,571.70,189,1766
9674,020109,C,860.71,199,1965
9674,031779,C,1309.47,196,1700
9674,080212,C,1335.29,106,895
9685,01611,A,1279.38,64,686
9685,01611,B,1042.33,121,1187
9685,01611,D,1313.36,191,1651
9685,020109,B,464.82,11,103
9685,031779,B,1111.05,77,676
9685,080212,A,928.24,92,787
9685,080212,C,294.85,114,972
9685,080212,D,986.64,5,43
9690,003480,B,265.70,114,1018
9690,003480,C,11.42,119,1138
9690,003480,D,477.88,22,195
9690,020109,C,709.69,75,633
9690,031779,A,975.75,135,1458
9690,031779,C,873.65,110,1037
9690,080212,A,1076.66,175,1625
9700,003480,A,402.45,68,610
9700,003480,B,746.56,49,413
9700,01611,C,977.01,154,1521
9700,031779,A,748.58,90,931
9700,031779,B,821.26,49,467
9700,080212,A,1360.98,169,1807
9700,080212,B,1015.48,14,150
9704,003480,C,51.38,78,692
9704,01611,B,164.33,63,666
9704,020109,B,499.72,14,149
9704,020109,C,731.74,16,145
9704,031779,A,1318.90,172,1558
9704,031779,B,1188.03,31,272
9704,031779,D,981.31,87,896
9704,080212,B,431.49,2,20
9704,080212,C,777.83,0,0
9704,080212,D,639.82,166,1473
9721,003480,B,8.02,122,1148
9721,003480,C,343.79,70,655
9721,01611,C,352.69,118,1088
9721,020109,C,16.15,41,408
9721,031779,C,894.74,55,521
9721,080212,B,121.02,28,280
9721,080212,D,1197.53,161,1642
9726,003480,A,19.40,85,862
9726,003480,B,1212.59,38,367
9726,003480,C,461.30,18,172
9726,01611,B,597.93,98,961
9726,020109,A,774.14,73,787
9726,020109,B,561.92,42,400
9726,080212,A,1374.18,81,730
9726,080212,C,1112.71,192,1663
9734,003480,A,287.11,189,1958
9734,003480,D,1197.57,83,755
9734,01611,A,388.16,200,1777
9734,01611,C,46.46,109,1020
9734,01611,D,1061.12,80,717
9734,020109,A,954.97,129,1383
9734,031779,C,1027.18,60,531
9734,080212,B,30.32,12,104
9754,003480,A,426.03,110,959
9754,003480,C,645.10,193,1880
9754,01611,A,1120.66,93,921
9754,01611,B,564.48,77,766
9754,01611,C,999.55,160,1464
9754,01611,D,892.95,200,1714
9754,020109,B,613.34,172,1723
9754,020109,C,409.42,139,1185
9754,020109,D,1142.44,192,1832
9754,031779,B,387.28,169,1754
9754,080212,A,1154.36,168,1751
9755,003480,B,494.21,102,877
9755,01611,B,1271.39,200,2143
9755,01611,C,1103.89,3,31
9755,020109,A,1452.17,75,711
9755,031779,A,1205.62,173,1586
9755,031779,D,650.44,93,890
9755,080212,A,589.97,87,917
9759,003480,A,1032.94,198,1760
9759,003480,B,499.24,179,1759
9759,003480,D,285.06,35,340
9759,01611,B,391.28,40,430
9759,020109,A,417.61,65,651
9759,020109,B,1207.08,70,739
9759,020109,D,1479.67,72,742
9763,003480,C,407.67,145,1229
9763,01611,B,818.32,172,1496
9763,020109,C,1386.61,167,1609
9763,020109,D,937.11,82,798
9763,031779,A,1120.85,122,1226
9763,031779,B,53.14,103,882
9763,031779,C,1016.94,116,1100
9763,031779,D,657.64,74,754
9763,080212,A,379.91,149,1580
9763,080212,B,1414.44,36,330
9767,003480,C,654.58,115,1012
9767,01611,C,258.34,153,1564
9767,020109,C,888.44,192,1822
9767,020109,D,382.90,134,1181
9767,031779,B,702.00,74,724
9767,080212,A,1206.20,58,580
9770,003480,D,382.31,138,1418
9770,01611,B,1290.46,134,1135
9770,01611,C,1525.02,6,64
9770,01611,D,591.44,155,1521
9770,031779,A,569.09,186,1635
9770,031779,B,1243.02,128,1219
9770,031779,D,1410.24,81,736
9770,080212,A,1094.07,10,106
9770,080212,B,708.56,95,832
9770,080212,D,33.47,181,1758
9779,003480,C,1381.62,175,1513
9779,01611,A,300.32,85,790
9779,01611,B,627.39,51,445
9779,01611,C,1083.92,170,1617
9779,020109,A,1244.14,124,1324
9779,020109,B,495.39,195,1840
9779,031779,A,76.35,154,1341
9783,01611,A,226.94,163,1391
9783,01611,B,627.20,68,680
9783,01611,C,784.16,39,360
9783,01611,D,706.75,159,1456
9783,020109,B,1155.09,45,449
9786,003480,A,1323.75,117,1033
9786,003480,B,508.81,83,795
9786,003480,D,419.56,178,1583
9786,020109,A,266.69,40,378
9786,020109,D,181.78,18,162
9786,031779,B,1543.11,38,364
9786,031779,D,213.78,147,1521
9786,080212,B,100.25,180,1806
9789,003480,B,1566.75,137,1277
9789,003480,D,533.84,4,41
9789,01611,B,306.33,13,115
9789,01611,C,196.89,26,246
9789,020109,A,562.00,38,371
9789,031779,B,570.95,10,86
9789,031779,C,1577.35,196,1652
9791,003480,A,1162.29,79,670
9791,031779,B,355.87,141,1452
9791,031779,D,707.43,158,1551
9791,080212,A,766.91,58,623
9791,080212,C,1374.20,39,345
9792,003480,A,1525.90,19,195
9792,003480,C,344.57,55,515
9792,003480,D,1026.18,23,220
9792,020109,A,1262.79,111,935
9792,020109,C,507.05,32,306
9792,031779,C,543.45,103,867
9792,080212,A,1546.54,42,420
9794,003480,A,314.87,38,384
9794,003480,B,193.66,176,1492
9794,003480,C,1497.05,177,1712
9794,01611,A,911.70,51,442
9794,020109,A,1423.69,197,1804
9794,031779,C,681.99,183,1585
9794,080212,C,818.31,121,1124
9799,003480,A,266.92,42,416
9799,01611,A,999.13,124,1187
9799,020109,A,578.58,35,328
9799,020109,B,546.53,83,836
9799,020109,C,733.91,20,199
9799,020109,D,226.30,51,440
9799,031779,A,80.91,101,894
9801,003480,B,430.71,172,1608
9801,003480,D,143.32,109,1124
9801,01611,C,1487.57,66,594
9801,020109,A,1078.37,175,1584
9801,020109,B,879.18,110,1052
9801,080212,B,1080.28,90,913
9801,080212,D,118.34,150,1371
9804,01611,B,814.50,93,786
9804,01611,C,535.80,0,0
9804,01611,D,1122.76,185,1981
9804,020109,A,770.13,28,296
9804,031779,C,985.22,144,1462
9804,080212,C,885.97,100,898
9805,003480,A,442.24,74,780
9805,003480,C,1463.23,150,1264
9805,003480,D,1259.26,3,32
9805,01611,A,35.56,24,214
9805,01611,B,231.26,179,1753
9805,01611,C,5.91,45,465
9805,020109,A,1425.73,28,289
9805,020109,C,1138.09,15,132
9805,020109,D,1039.45,155,1647
9805,031779,C,979.38,149,1361
9805,080212,B,153.17,26,273
9805,080212,C,173.21,23,231
9805,080212,D,812.81,49,464
9810,003480,A,368.85,140,1481
9810,003480,D,418.43,102,1017
9810,01611,A,901.27,11,105
9810,01611,B,769.54,125,1081
9810,031779,A,538.62,42,425
9818,003480,A,282.77,161,1362
9818,003480,D,1071.83,116,1027
9818,01611,A,44.47,156,1560
9818,01611,B,1474.49,195,1848
9818,01611,C,492.70,189,1665
9818,020109,B,428.24,20,195
9818,020109,C,1489.13,175,1497
9821,003480,A,503.33,27,274
9821,003480,C,1073.31,60,527
9821,003480,D,986.91,159,1384
9821,01611,B,1078.20,111,1152
9821,01611,C,1016.81,120,1044
9821,01611,D,670.68,80,770
9821,020109,A,1228.08,159,1388
9821,020109,C,1438.46,93,928
9821,020109,D,867.43,116,1246
9821,031779,A,660.96,150,1551
9821,031779,B,708.99,124,1054
9821,031779,D,357.79,35,354
9821,080212,A,1050.00,160,1648
9824,003480,B,720.64,68,709
9824,003480,C,957.07,133,1293
9824,003480,D,1177.99,54,505
9824,01611,B,345.54,174,1844
9824,01611,C,1503.48,131,1190
9824,020109,B,787.20,164,1759
9824,020109,C,202.79,2,17
9824,031779,A,1264.70,149,1377
9824,031779,C,187.62,37,326
9824,031779,D,647.86,21,183
9824,080212,C,120.86,83,887
9824,080212,D,99.00,127,1368
9825,01611,A,1414.49,17,179
9825,01611,C,334.66,78,760
9825,020109,A,116.20,19,173
9825,031779,B,165.89,120,1131
9825,080212,A,410.92,164,1441
9825,080212,B,291.53,167,1578
9825,080212,C,11.06,112,1101
9825,080212,D,1098.92,183,1582
9832,003480,C,172.05,51,439
9832,003480,D,1251.99,136,1378
9832,01611,B,1037.63,168,1778
9832,031779,A,999.99,103,976
9832,031779,B,1632.46,184,1838
9832,080212,B,398.92,107,917
9849,003480,B,774.09,114,1135
9849,020109,D,718.07,60,533
9849,031779,A,1662.18,172,1492
9849,080212,B,1404.48,181,1581
9849,080212,C,166.74,171,1497
9852,003480,C,824.19,189,1618
9852,01611,A,1244.46,19,175
9852,01611,B,67.95,88,808
9852,020109,B,1089.55,86,840
9852,020109,D,918.02,86,726
9852,031779,B,697.77,91,945
9852,080212,C,278.89,29,297
9856,003480,B,287.47,135,1344
9856,003480,D,93.56,137,1437
9856,01611,C,307.66,16,141
9856,020109,B,348.77,179,1787
9856,031779,A,1040.75,20,199
9856,031779,B,587.16,20,194
9856,031779,C,1005.63,27,265
9856,031779,D,1013.69,158,1564
9857,003480,A,1377.34,75,638
9857,01611,B,1316.20,98,888
9857,031779,A,809.07,142,1270
9857,031779,B,269.08,58,620
9857,031779,C,1182.08,149,1324
9857,031779,D,962.26,59,571
9857,080212,A,136.94,33,339
9860,003480,C,515.04,31,314
9860,01611,A,792.50,191,1776
9860,01611,C,717.14,11,114
9860,020109,A,392.23,141,1236
9860,020109,C,132.67,39,346
9860,020109,D,139.47,15,129
9860,080212,A,1663.06,8,67
9861,003480,A,921.41,72,649
9861,01611,A,989.20,140,1383
9861,01611,B,1246.31,116,1160
9861,01611,C,1554.31,59,605
9861,020109,C,1045.61,127,1238
9861,031779,B,1683.64,164,1462
9861,031779,D,579.66,167,1551
9861,080212,A,1094.80,171,1701
9861,080212,B,1455.42,45,458
9861,080212,C,1069.35,196,1822
9861,080212,D,632.45,196,1876
9875,01611,A,1018.39,16,147
9875,020109,B,1339.43,145,1548
9875,031779,A,132.77,10,96
9875,031779,C,421.95,1,11
9875,031779,D,56.15,102,989
9875,080212,C,462.60,144,1404
9881,01611,A,450.38,53,553
9881,020109,B,1239.94,95,1007
9881,020109,D,1347.70,165,1762
9881,031779,B,864.49,194,1817
9883,003480,A,1720.48,60,555
9883,003480,B,1739.07,114,1154
9883,003480,C,1636.37,156,1561
9883,003480,D,284.46,129,1292
9883,01611,B,1695.21,62,647
9883,01611,D,986.48,90,944
9883,020109,A,1430.98,183,1578
9883,020109,B,818.59,101,957
9883,020109,C,1082.81,65,588
9883,031779,B,1500.12,2,17
9883,031779,C,577.34,166,1569
9883,080212,A,1198.61,182,1825
9883,080212,C,1550.64,20,196
9888,01611,A,822.45,170,1551
9888,01611,C,400.20,110,1021
9888,01611,D,120.82,195,1712
9888,020109,A,630.98,101,952
9888,031779,A,533.41,34,291
9888,031779,C,465.23,23,197
9888,080212,A,1110.27,136,1169
9890,003480,A,817.17,151,1324
9890,01611,A,974.20,69,609
9890,01611,B,968.67,28,271
9890,031779,B,754.22,115,1200
9890,031779,D,1617.38,155,1491
9890,080212,B,416.61,83,763
9890,080212,C,1500.96,31,314
9893,003480,A,768.60,22,203
9893,003480,B,480.41,179,1754
9893,01611,A,374.38,47,414
9893,020109,C,454.00,153,1470
9893,020109,D,665.79,31,265
9893,031779,C,200.50,47,451
9893,080212,B,1525.21,49,523
9893,080212,C,124.61,162,1728
9895,003480,B,1075.17,44,419
9895,003480,C,1068.84,168,1457
9895,01611,C,997.24,178,1908
9895,020109,B,428.77,78,686
9895,020109,C,230.23,53,462
9895,020109,D,948.75,57,572
9895,080212,C,823.07,191,1729
9898,01611,B,1294.44,163,1563
9898,01611,C,1461.33,95,937
9898,020109,B,1114.80,63,605
9898,020109,C,858.17,77,818
9898,031779,A,1702.48,148,1284
9898,031779,B,987.16,148,1410
9898,080212,A,540.33,147,1513
9898,080212,C,1668.80,100,982
9906,003480,A,1370.27,15,144
9906,01611,B,717.33,26,242
9906,01611,C,3.68,114,1023
9906,020109,A,230.58,47,472
9906,031779,A,1006.95,127,1260
9906,031779,D,396.55,153,1412
9906,080212,B,344.63,93,822
9908,003480,A,1531.88,13,138
9908,003480,B,1347.52,91,925
9908,01611,C,905.79,104,1064
9908,01611,D,1636.64,181,1791
9908,031779,A,1815.91,119,1178
9908,031779,B,1227.58,78,797
9908,031779,C,772.43,160,1578
9908,080212,B,1612.78,190,1695
9918,003480,B,1330.56,34,326
9918,01611,A,304.85,157,1348
9918,01611,D,1306.80,156,1486
9918,020109,A,1687.17,17,179
9918,031779,A,138.28,33,335
9918,031779,B,709.80,44,406
9918,031779,D,409.76,114,1173
9921,003480,C,197.94,74,699
9921,01611,B,1314.39,10,93
9921,01611,C,1554.29,17,152
9921,01611,D,700.27,121,1055
9921,020109,D,530.22,39,391
9921,080212,C,761.49,48,417
9922,01611,A,945.19,90,798
9922,020109,A,611.79,135,1247
9922,020109,B,1105.37,112,1035
9922,031779,A,1320.19,73,671
9922,031779,D,1204.71,140,1320
9922,080212,A,707.37,106,1059
9922,080212,C,29.54,145,1446
9924,003480,C,584.64,62,633
9924,003480,D,1547.73,28,261
9924,020109,A,1286.78,163,1482
9924,020109,B,369.86,39,400
9924,020109,C,984.21,108,1075
9924,031779,B,1504.12,156,1645
9924,080212,A,1280.65,174,1471
9926,003480,B,1547.55,103,1024
9926,01611,A,861.97,115,1202
9926,01611,B,57.20,14,130
9926,020109,A,930.78,164,1624
9926,020109,C,1007.32,184,1577
9926,080212,A,1842.53,1,9
9926,080212,C,736.82,136,1265
9931,003480,A,1462.28,123,1319
9931,01611,A,1560.97,47,412
9931,01611,B,1374.17,85,733
9931,01611,C,1379.04,155,1426
9931,01611,D,344.10,117,1042
9931,031779,B,1165.41,132,1257
9931,080212,A,475.42,12,123
9932,003480,A,1803.24,45,407
9932,01611,C,22.74,123,1240
9932,020109,A,380.72,35,350
9932,020109,D,432.13,23,235
9932,031779,A,1819.41,165,1564
9932,031779,C,1442.50,172,1482
9932,080212,C,1275.31,81,755
9939,003480,A,1376.99,172,1724
9939,003480,B,164.83,32,287
9939,003480,C,1418.10,188,1701
9939,003480,D,1417.45,127,1303
9939,01611,A,1871.76,122,1047
9939,01611,C,815.30,55,534
9939,020109,A,1661.64,94,832
9939,080212,C,129.84,68,717
9942,003480,B,1631.04,41,359
9942,01611,B,1223.06,140,1230
9942,01611,D,442.28,126,1063
9942,031779,A,786.38,104,1087
9942,031779,C,1484.41,166,1777
9942,031779,D,86.92,182,1642
9942,080212,B,705.37,13,118
9944,003480,A,506.88,101,1065
9944,01611,A,1860.79,66,656
9944,01611,D,195.03,114,1167
9944,031779,A,1244.53,108,922
9944,080212,A,653.78,120,1160
9944,080212,B,817.72,61,598
9944,080212,C,924.03,63,568
9945,003480,A,1395.71,13,115
9945,003480,D,209.55,109,1099
9945,01611,B,1637.97,99,897
9945,020109,B,1693.07,88,929
9945,031779,D,837.29,184,1773
9945,080212,B,1667.94,99,919
9951,003480,C,1422.11,114,1185
9951,01611,A,1842.32,16,154
9951,01611,D,900.98,33,318
9951,020109,A,667.55,5,47
9951,031779,A,1009.02,165,1477
9951,031779,B,1196.41,83,699
9951,080212,A,1160.62,154,1524
9955,003480,A,36.47,129,1317
9955,01611,A,434.41,100,1058
9955,020109,C,1330.13,96,975
9955,020109,D,122.84,63,590
9955,031779,C,1759.19,153,1642
9955,031779,D,695.31,101,858
9955,080212,C,623.31,42,398
9960,003480,B,87.38,115,1078
9960,003480,D,1678.36,18,163
9960,01611,B,489.69,67,649
9960,020109,A,1863.60,105,972
9960,020109,B,1085.58,126,1322
9960,031779,B,75.97,2,20
9960,031779,C,720.85,7,69
9965,003480,A,567.10,146,1356
9965,003480,D,792.85,190,1653
9965,01611,C,407.87,50,464
9965,020109,A,176.46,39,408
9965,031779,C,1298.44,167,1671
9965,031779,D,881.84,102,896
9965,080212,B,519.16,77,777
9969,01611,A,1691.70,117,1144
9969,01611,B,1105.20,183,1958
9969,020109,A,1184.44,102,937
9969,020109,C,1518.71,195,1876
9969,020109,D,1269.92,148,1405
9969,031779,A,12.80,157,1661
9969,031779,D,1923.77,105,1032
9982,003480,B,1218.21,48,508
9982,003480,D,454.13,109,954
9982,01611,A,1017.46,117,990
9982,020109,B,1302.80,135,1378
9982,031779,A,1826.03,97,906
9982,031779,C,1346.72,62,533
9982,080212,C,133.03,111,1099
9987,003480,B,1905.70,45,460
9987,01611,A,306.51,4,35
9987,01611,D,418.17,1,11
9987,020109,A,557.07,165,1761
9987,020109,C,590.72,68,574
9987,020109,D,1135.43,193,1757
9987,080212,A,1010.88,196,1704
9987,080212,C,921.68,33,283
9987,080212,D,1598.33,180,1604
9990,003480,B,1174.82,153,1583
9990,003480,C,77.76,98,971
9990,003480,D,1765.99,122,1229
9990,01611,A,1965.27,200,2079
9990,01611,C,1032.52,53,517
9990,020109,B,1617.82,151,1568
9990,020109,D,1655.22,23,241
9990,031779,B,1090.85,140,1468
9990,080212,A,40.92,2,21
9998,003480,A,22.37,174,1744
9998,003480,C,1116.58,38,401
9998,020109,B,1763.91,59,534
9998,031779,A,1746.36,71,755
9998,031779,C,1510.02,3,27
9998,031779,D,1138.67,26,253
9998,080212,C,1508.39,64,571
